      46.3767  5.57526e+07      0.00000      0.00000      0.00000      0.00000      0.00000      0.00000
      33.2231  9.08112e+07      0.00000      0.00000      0.00000      0.00000      0.00000      0.00000
      26.5294  1.25870e+08      0.00000      0.00000      0.00000      0.00000      0.00000      0.00000
      22.3697  1.60928e+08      0.00000      0.00000      0.00000      0.00000      0.00000      0.00000
      19.4921  1.95986e+08      0.00000      0.00000      0.00000      0.00000      0.00000      0.00000
      17.3626  2.31043e+08      0.00000      0.00000      0.00000      0.00000      0.00000      0.00000
      15.7119  2.66101e+08      0.00000      0.00000      0.00000      0.00000      0.00000      0.00000
      14.3881  3.01158e+08      0.00000      0.00000      0.00000      0.00000      0.00000      0.00000
      13.2986  3.36214e+08      0.00000      0.00000      0.00000      0.00000      0.00000      0.00000
      12.3834  3.71270e+08     0.144649    0.0679662     0.267490    0.0786864    0.0369724     0.145510
      11.6018  4.06325e+08     0.248598    0.0828201     0.506624     0.131714    0.0630063     0.517834
      10.9250  4.41380e+08     0.494476     0.189424      1.10738     0.149984    0.0574559     0.335889
      10.3323  4.76433e+08     0.255498     0.134549     0.620468    0.0772306    0.0369188     0.163519
      9.80803  5.11486e+08     0.263795     0.118508     0.586001    0.0777192    0.0339174     0.150853
      9.34042  5.46539e+08     0.274063     0.136655     0.588830    0.0795970    0.0375756     0.146719
      8.92025  5.81590e+08     0.242051     0.110547     0.499321    0.0639960    0.0259841     0.161066
      8.54026  6.16641e+08     0.241920     0.115547     0.723845    0.0598699    0.0263509     0.185862
      8.19462  6.51690e+08     0.340537     0.143708     0.816026    0.0773401    0.0307748     0.214662
      7.87861  6.86738e+08     0.279348     0.135212     0.744572    0.0655312    0.0267608     0.214489
      7.58838  7.21786e+08     0.290241     0.140838      1.10906    0.0609088    0.0253694     0.250622
      7.32070  7.56832e+08     0.320068     0.137089      1.60450    0.0634503    0.0240426     0.316439
      7.07290  7.91877e+08     0.262606     0.123112     0.964259    0.0453374    0.0179207     0.150409
      6.84270  8.26920e+08     0.276414     0.127583      1.01904    0.0466349    0.0182328     0.137666
      6.62820  8.61963e+08     0.288861     0.126868      1.08715    0.0440822    0.0181274     0.141181
      6.42773  8.97004e+08     0.282679     0.120668      1.09004    0.0412869    0.0158163     0.128613
      6.23989  9.32043e+08     0.282239     0.122587      1.17203    0.0385366    0.0149485     0.137806
      6.06345  9.67081e+08     0.249274     0.116281     0.946135    0.0330006    0.0127410     0.108802
      5.89733  1.00212e+09     0.263450     0.116190     0.996652    0.0330315    0.0129322     0.110261
      5.74061  1.03715e+09     0.289519     0.122146      1.00881    0.0359048    0.0125187     0.109876
      5.59245  1.07219e+09     0.255806     0.131582     0.964386    0.0290563    0.0132287    0.0971249
      5.45213  1.10722e+09     0.253625     0.110010     0.905519    0.0290516    0.0102852     0.105116
      5.31900  1.14225e+09     0.274133     0.117094      1.59367    0.0282267    0.0101959     0.145118
      5.19249  1.17727e+09     0.251258     0.115811      1.13718    0.0254106   0.00952869     0.108907
      5.07209  1.21230e+09     0.255003     0.118173     0.977108    0.0271582   0.00931077     0.120018
      4.95734  1.24732e+09     0.277473     0.120996      1.48118    0.0257659   0.00889278     0.127650
      4.84783  1.28235e+09     0.272306     0.119933      1.55092    0.0252240   0.00869923     0.129534
      4.74317  1.31737e+09     0.270568     0.121455      1.09629    0.0236888   0.00807753    0.0962028
      4.64303  1.35239e+09     0.255174     0.115530     0.942826    0.0217178   0.00730049    0.0731618
      4.54712  1.38740e+09     0.266138     0.129955     0.929547    0.0227701   0.00831148    0.0739342
      4.45514  1.42241e+09     0.269448     0.128568     0.959962    0.0224157   0.00842545    0.0790147
      4.36685  1.45743e+09     0.277098     0.127343      1.06332    0.0221437   0.00858111    0.0837581
      4.28200  1.49244e+09     0.288798     0.123841      1.10648    0.0212892   0.00873065    0.0828272
      4.20041  1.52744e+09     0.277006     0.128441      1.09386    0.0203553   0.00822284    0.0843840
      4.12185  1.56245e+09     0.251228     0.115954      1.01314    0.0180405   0.00692515    0.0695135
      4.04617  1.59745e+09     0.251612     0.118914     0.962927    0.0182877   0.00704499    0.0669758
      3.97318  1.63245e+09     0.258089     0.119076      1.01814    0.0185526   0.00697795    0.0731983
      3.90275  1.66744e+09     0.258758     0.114168      1.00444    0.0175513   0.00680135    0.0827925
      3.83473  1.70244e+09     0.273613     0.123090      1.03340    0.0185167   0.00680382     0.103092
      3.76898  1.73743e+09     0.265735     0.125980      1.02471    0.0185613   0.00661117    0.0914672
      3.70540  1.77242e+09     0.274543     0.120099      1.06551    0.0183018   0.00672288    0.0745032
      3.64386  1.80741e+09     0.279915     0.127817      1.08836    0.0178758   0.00661594    0.0748503
      3.58427  1.84239e+09     0.281423     0.129944      1.08411    0.0179912   0.00642712    0.0761562
      3.52652  1.87737e+09     0.276291     0.129655      1.12544    0.0205997   0.00695070    0.0910035
      3.47052  1.91235e+09     0.272868     0.126778      1.09156    0.0237362   0.00727076     0.104286
      3.41620  1.94732e+09     0.306300     0.139393      2.44522    0.0375318   0.00791992     0.136451
      3.36347  1.98229e+09     0.325512     0.136281      1.96558    0.0598133   0.00906377     0.428887
      3.31226  2.01726e+09     0.343999     0.140697      2.79285    0.0467040   0.00758769     0.153794
      3.26249  2.05223e+09     0.355001     0.150273      3.21316    0.0436817   0.00764392     0.157589
      3.21411  2.08719e+09     0.421712     0.166312      4.97325    0.0511848   0.00755169     0.161964
      3.16705  2.12215e+09     0.440795     0.155938      5.94208     0.115382   0.00797481     0.324159
      3.12126  2.15710e+09      3.86070     0.365418      8.14284    0.0878016   0.00829963     0.185233
      3.07667  2.19206e+09      2.78122     0.357743      11.7237    0.0622980   0.00803761     0.262230
      3.03325  2.22701e+09      3.09841     0.373250      12.9305    0.0682909   0.00822751     0.284038
      2.99094  2.26195e+09      2.63171     0.370259      12.2111    0.0567267   0.00802351     0.264786
      2.94969  2.29689e+09      2.53981     0.377909      10.8741    0.0539247   0.00802368     0.230876
      2.90947  2.33183e+09      2.79275     0.355878      9.32763    0.0584890   0.00745320     0.195350
      2.87022  2.36677e+09      2.77812     0.379746      10.1505    0.0574508   0.00785303     0.209909
      2.83193  2.40170e+09      2.75708     0.385071      9.81176    0.0563491   0.00788995     0.200559
      2.79454  2.43663e+09      2.77218     0.415665      8.10016    0.0559081   0.00838295     0.163361
      2.75803  2.47155e+09      2.70116     0.408088      8.02306    0.0538107   0.00812966     0.159830
      2.72235  2.50647e+09      2.82455     0.403800      9.72782    0.0555932   0.00794764     0.191464
      2.68749  2.54139e+09      2.72422     0.421752      10.4198    0.0531356   0.00823731     0.202991
      2.65341  2.57631e+09      2.80619     0.415009      10.5500    0.0536997   0.00791152     0.201624
      2.62008  2.61121e+09      2.84220     0.423917      10.3585    0.0533904   0.00796323     0.194583
      2.58748  2.64612e+09      2.65507     0.463252      9.47739    0.0493611   0.00860795     0.176746
      2.55557  2.68102e+09      2.59295     0.461158      9.14513    0.0475361   0.00845433     0.167656
      2.52435  2.71592e+09      2.56238     0.469035      9.08392    0.0464420   0.00850102     0.164642
      2.49377  2.75081e+09      2.52881     0.444748      9.34765    0.0453176   0.00801981     0.167515
      2.46383  2.78570e+09      2.68501     0.509868      9.10536    0.0475274   0.00902519     0.161174
      2.43450  2.82059e+09      2.70663     0.481301      9.03234    0.0472367   0.00839975     0.157634
      2.40576  2.85547e+09      2.61623     0.491046      9.14036    0.0450480   0.00845515     0.157385
      2.37759  2.89035e+09      2.82859     0.537164      8.97204    0.0482419   0.00914237     0.152881
      2.34997  2.92522e+09      2.79041     0.496145      9.21419    0.0469770   0.00835268     0.155122
      2.32289  2.96009e+09      2.64050     0.532814      9.29613    0.0439547   0.00886943     0.154747
      2.29633  2.99495e+09      2.82521     0.540247      9.03422    0.0465258   0.00889684     0.148777
      2.27027  3.02981e+09      2.71717     0.529606      9.04667    0.0442830   0.00868424     0.147421
      2.24469  3.06467e+09      2.64213     0.559074      9.52115    0.0426862   0.00909361     0.153852
      2.21959  3.09952e+09      2.86867     0.570820      9.69246    0.0458500   0.00912343     0.154915
      2.19495  3.13437e+09      2.82418     0.568798      9.58961    0.0448026   0.00902336     0.152129
      2.17076  3.16921e+09      2.82898     0.592875      9.17487    0.0446293   0.00963718     0.144946
      2.14699  3.20405e+09      2.73540     0.596926      8.64514    0.0427459   0.00932810     0.135097
      2.12365  3.23888e+09      2.77017     0.584094      8.51707    0.0429739   0.00906108     0.132126
      2.10071  3.27371e+09      2.76410     0.569076      8.90239    0.0425676   0.00876386     0.137098
      2.07817  3.30854e+09      2.80609     0.571405      9.01010    0.0429061   0.00873697     0.137767
      2.05601  3.34336e+09      2.66677     0.582219      9.04240    0.0404685   0.00883524     0.137219
      2.03423  3.37817e+09      2.69056     0.644975      9.38038    0.0405053   0.00970986     0.141218
      2.01281  3.41298e+09      2.86132     0.604679      9.19783    0.0427254   0.00902913     0.137343
      1.99174  3.44779e+09      2.76565     0.673529      8.47465    0.0409304   0.00996792     0.125421
      1.97102  3.48259e+09      2.76387     0.629856      8.44623    0.0405219   0.00923450     0.123832
      1.95063  3.51738e+09      2.77885     0.695960      9.06083    0.0404291    0.0101576     0.131867
      1.93058  3.55217e+09      2.74092     0.715151      9.20538    0.0391411    0.0102126     0.131455
      1.91084  3.58696e+09      2.93797     0.663269      9.22311    0.0414811   0.00936469     0.130221
      1.89140  3.62174e+09      2.67963     0.674748      8.99436    0.0374516   0.00943057     0.125709
      1.87227  3.65652e+09      2.77777     0.755024      8.63146    0.0387285    0.0105075     0.119955
      1.85344  3.69129e+09      2.81139     0.691994      8.64707    0.0385072   0.00947813     0.118438
      1.83489  3.72605e+09      2.76643     0.730907      8.57440    0.0375068   0.00990952     0.116250
      1.81662  3.76081e+09      2.72625     0.697541      8.54978    0.0365943   0.00936307     0.114763
      1.79863  3.79557e+09      2.68804     0.721061      9.11914    0.0357182   0.00958132     0.121174
      1.78090  3.83032e+09      2.82231     0.713249      9.22672    0.0371367   0.00938511     0.121408
      1.76343  3.86507e+09      2.73870     0.750410      8.88970    0.0356415   0.00976586     0.115691
      1.74621  3.89981e+09      2.73494     0.731146      8.41124    0.0351104   0.00938624     0.107981
      1.72924  3.93454e+09      2.73299     0.735159      8.50357    0.0346400   0.00931797     0.107781
      1.71251  3.96927e+09      2.73796     0.731900      8.51938    0.0343613   0.00918532     0.106918
      1.69602  4.00399e+09      2.87688     0.788351      8.46518    0.0357650   0.00980070     0.105238
      1.67976  4.03871e+09      2.80511     0.768336      9.12025    0.0345513   0.00946378     0.112336
      1.66372  4.07343e+09      2.68778     0.768548      9.33053    0.0328150   0.00938315     0.113916
      1.64790  4.10814e+09      2.79359     0.773235      8.75706    0.0338150   0.00935963     0.106000
      1.63230  4.14284e+09      2.71205     0.772595      8.35629    0.0325511   0.00927298     0.100295
      1.61691  4.17754e+09      2.81298     0.780183      8.62076    0.0334647   0.00928147     0.102557
      1.60173  4.21223e+09      2.78284     0.781444      8.64685    0.0328303   0.00921901     0.102804
      1.58674  4.24692e+09      2.76000     0.842830      8.83406    0.0322830   0.00985835     0.103330
      1.57195  4.28160e+09      2.79880     0.826025      8.55807    0.0324211   0.00956862    0.0991361
      1.55736  4.31627e+09      2.74735     0.830579      8.60431    0.0315395   0.00953503    0.0987773
      1.54295  4.35094e+09      2.91170     0.834601      8.67841    0.0331706   0.00950792    0.0988660
      1.52873  4.38561e+09      2.72407     0.854035      8.57848    0.0307991   0.00965596    0.0969907
      1.51468  4.42027e+09      2.91822     0.911211      8.57662    0.0327406    0.0102232    0.0962994
      1.50082  4.45492e+09      2.85874     0.828542      8.96480    0.0318402   0.00922816    0.0998485
      1.48712  4.48957e+09      2.91584     0.920032      8.95195    0.0322489    0.0101755    0.0998450
      1.47360  4.52421e+09      2.92368     0.880901      8.84270    0.0321071   0.00967383    0.0971298
      1.46024  4.55885e+09      2.93035     0.879958      8.38465    0.0319551   0.00959376    0.0915199
      1.44705  4.59348e+09      2.85777     0.947719      8.38703    0.0309612    0.0102516    0.0907238
      1.43401  4.62810e+09      2.90598     0.891977      9.03512    0.0311725   0.00956826    0.0969200
      1.42113  4.66272e+09      2.92933     0.922892      8.99493    0.0311571   0.00981612    0.0960079
      1.40840  4.69733e+09      2.76447     0.924417      8.43883    0.0292104   0.00976771    0.0891676
      1.39582  4.73194e+09      2.84097     0.936218      8.08582    0.0298385   0.00983304    0.0849249
      1.38339  4.76654e+09      2.81515     0.890818      8.59191    0.0293963   0.00930208    0.0897183
      1.37111  4.80114e+09      2.94073     0.958490      8.92533    0.0305439   0.00995535    0.0927029
      1.35896  4.83573e+09      2.87847      1.00041      8.54220    0.0297405    0.0103363    0.0882585
      1.34695  4.87031e+09      2.90098     0.948887      8.58819    0.0298114   0.00975108    0.0882551
      1.33508  4.90489e+09      2.88984     0.964761      8.31732    0.0295274   0.00985757    0.0849833
      1.32335  4.93947e+09      2.90076     0.970409      8.58313    0.0294618   0.00985605    0.0871753
      1.31174  4.97403e+09      2.92913      1.00543      8.76887    0.0295676    0.0101492    0.0885157
      1.30026  5.00859e+09      2.94592     0.963428      8.57625    0.0295400   0.00966068    0.0859976
      1.28891  5.04315e+09      2.84339     0.980181      8.15480    0.0283221   0.00976328    0.0816392
      1.27768  5.07770e+09      2.82881     0.955115      8.23153    0.0279953   0.00945226    0.0814631
      1.26657  5.11224e+09      2.91431      1.03949      8.59385    0.0286563    0.0102212    0.0845031
      1.25558  5.14678e+09      2.92198     0.998308      8.26795    0.0285449   0.00975252    0.0807700
      1.24471  5.18131e+09      2.83655      1.02038      8.52635    0.0275376   0.00990603    0.0827752
      1.23396  5.21583e+09      3.02581      1.01030      8.73028    0.0291860   0.00974504    0.0842094
      1.22332  5.25035e+09      2.93406      1.05050      8.62818    0.0280981    0.0100602    0.0826278
      1.21278  5.28486e+09      2.97489      1.06971      8.44766    0.0282672    0.0101643    0.0802691
      1.20236  5.31937e+09      2.99403      1.08909      8.67396    0.0282453    0.0102744    0.0818292
      1.19205  5.35387e+09      2.91516      1.02369      8.45495    0.0273244   0.00959528    0.0792501
      1.18183  5.38836e+09      2.98322      1.15314      8.53708    0.0277783    0.0107375    0.0794933
      1.17173  5.42285e+09      2.97149      1.07258      8.83746    0.0274945   0.00992430    0.0817708
      1.16172  5.45733e+09      2.94749      1.06147      8.36864    0.0270929   0.00975689    0.0769233
      1.15182  5.49181e+09      2.93779      1.10279      8.68890    0.0268378    0.0100744    0.0793764
      1.14201  5.52628e+09      3.08143      1.05053      8.80955    0.0279892   0.00954213    0.0800187
      1.13230  5.56074e+09      3.09054      1.19649      8.96569    0.0279155    0.0108073    0.0809832
      1.12269  5.59520e+09      3.13617      1.13657      9.06748    0.0281852    0.0102145    0.0814909
      1.11316  5.62965e+09      3.21639      1.25107      8.66409    0.0287714    0.0111911    0.0775024
      1.10373  5.66409e+09      3.01772      1.14361      8.59596    0.0268785    0.0101860    0.0765632
      1.09439  5.69853e+09      3.06964      1.16281      8.60454    0.0272338    0.0103164    0.0763393
      1.08514  5.73296e+09      3.19248      1.16164      8.99114    0.0282033    0.0102623    0.0794305
      1.07598  5.76739e+09      2.96370      1.11512      9.27082    0.0260581   0.00980463    0.0815132
      1.06690  5.80181e+09      3.04132      1.16476      8.90411    0.0266067    0.0101898    0.0778968
      1.05791  5.83622e+09      2.94875      1.11425      8.98001    0.0256609   0.00969647    0.0781465
      1.04900  5.87063e+09      3.07249      1.19698      8.57712    0.0265973    0.0103618    0.0742486
      1.04018  5.90503e+09      3.04649      1.20404      8.80384    0.0262374    0.0103696    0.0758215
      1.03143  5.93943e+09      3.11431      1.15496      8.66162    0.0266817   0.00989508    0.0742082
      1.02276  5.97382e+09      3.06024      1.25857      8.52704    0.0260810    0.0107262    0.0726720
      1.01418  6.00820e+09      3.09966      1.15790      8.77533    0.0262806   0.00981736    0.0744022
      1.00567  6.04257e+09      2.95157      1.15215      9.12760    0.0248935   0.00971722    0.0769821
     0.997231  6.07694e+09      3.19967      1.21748      9.00316    0.0268508    0.0102168    0.0755522
     0.988870  6.11131e+09      2.93640      1.19041      8.94013    0.0245228   0.00994146    0.0746618
     0.980584  6.14566e+09      3.05779      1.17242      8.69333    0.0254111   0.00974318    0.0722441
     0.972370  6.18001e+09      3.07253      1.24976      8.56982    0.0254102    0.0103357    0.0708736
     0.964227  6.21436e+09      2.98138      1.29197      8.60902    0.0245307    0.0106303    0.0708346
     0.956154  6.24870e+09      3.16107      1.24266      8.96248    0.0258829    0.0101750    0.0733850
     0.948151  6.28303e+09      2.98642      1.24987      9.21293    0.0243389    0.0101862    0.0750841
     0.940217  6.31735e+09      3.03741      1.25456      8.71638    0.0246437    0.0101787    0.0707195
     0.932349  6.35167e+09      3.14857      1.27973      8.81827    0.0254334    0.0103373    0.0712316
     0.924548  6.38599e+09      2.96678      1.28193      8.72341    0.0238640    0.0103115    0.0701688
     0.916812  6.42029e+09      3.04976      1.22254      8.96591    0.0244272   0.00979202    0.0718130
     0.909141  6.45459e+09      3.15357      1.30766      8.75661    0.0251504    0.0104289    0.0698360
     0.901533  6.48888e+09      3.10284      1.30797      8.84534    0.0246402    0.0103868    0.0702424
     0.893988  6.52317e+09      2.98332      1.19669      8.87570    0.0235931   0.00946382    0.0701920
     0.886504  6.55745e+09      3.12016      1.25290      8.79425    0.0245806   0.00987027    0.0692809
     0.879081  6.59173e+09      2.97868      1.22073      8.95174    0.0233803   0.00958177    0.0702642
     0.871719  6.62600e+09      3.16672      1.29299      9.06908    0.0247716    0.0101144    0.0709428
     0.864415  6.66026e+09      3.05592      1.29086      8.68915    0.0238225    0.0100630    0.0677366
     0.857170  6.69451e+09      3.10014      1.32371      8.78429    0.0240816    0.0102824    0.0682356
     0.849982  6.72876e+09      3.07685      1.30253      8.98076    0.0238178    0.0100829    0.0695198
     0.842851  6.76300e+09      3.01743      1.28717      8.64277    0.0232717   0.00992718    0.0666567
     0.835776  6.79724e+09      3.09158      1.37146      8.76735    0.0237603    0.0105404    0.0673814
     0.828756  6.83147e+09      3.05957      1.30920      9.22239    0.0234378    0.0100291    0.0706480
     0.821791  6.86569e+09      2.97931      1.29596      8.99475    0.0227386   0.00989102    0.0686495
     0.814879  6.89991e+09      3.01985      1.32495      8.86250    0.0229592    0.0100733    0.0673796
     0.808021  6.93412e+09      3.02273      1.31213      8.75589    0.0228917   0.00993703    0.0663101
     0.801215  6.96833e+09      3.07543      1.32763      8.51918    0.0231965    0.0100137    0.0642561
     0.794460  7.00253e+09      3.09194      1.32533      9.03225    0.0232296   0.00995713    0.0678587
     0.787756  7.03672e+09      3.07628      1.32061      9.14923    0.0230176   0.00988124    0.0684574
     0.781103  7.07090e+09      3.21566      1.32302      8.76460    0.0239641   0.00985955    0.0653164
     0.774499  7.10508e+09      2.93489      1.30541      8.43541    0.0217843   0.00968948    0.0626122
     0.767944  7.13925e+09      2.94218      1.29003      8.35802    0.0217466   0.00953501    0.0617767
     0.761437  7.17342e+09      3.08010      1.36983      8.94447    0.0226680    0.0100812    0.0658267
     0.754979  7.20758e+09      3.08188      1.30730      9.24976    0.0225798   0.00957810    0.0677696
     0.748567  7.24173e+09      3.06509      1.29228      8.40092    0.0223542   0.00942483    0.0612694
     0.742202  7.27588e+09      3.06500      1.34972      8.43665    0.0222418   0.00979452    0.0612221
     0.735882  7.31002e+09      3.07005      1.33914      8.95995    0.0221433   0.00965882    0.0646253
     0.729608  7.34416e+09      3.08794      1.32225      9.00379    0.0221678   0.00949222    0.0646367
     0.723379  7.37829e+09      3.09840      1.34496      8.78420    0.0221477   0.00961395    0.0627905
     0.717194  7.41241e+09      3.01688      1.34433      8.80796    0.0214778   0.00957055    0.0627058
     0.711053  7.44652e+09      2.99996      1.40969      8.68971    0.0212725   0.00999600    0.0616181
     0.704955  7.48063e+09      3.18629      1.40289      8.92993    0.0225031   0.00990788    0.0630674
     0.698900  7.51474e+09      3.00349      1.41467      8.46795    0.0211308   0.00995276    0.0595753
     0.692886  7.54883e+09      3.07238      1.33175      8.71598    0.0215340   0.00933413    0.0610894
     0.686914  7.58292e+09      3.14876      1.39792      9.14430    0.0219853   0.00976054    0.0638473
     0.680983  7.61701e+09      3.02398      1.39586      9.05326    0.0210338   0.00970910    0.0629713
     0.675093  7.65109e+09      3.08704      1.34389      8.39264    0.0213911   0.00931223    0.0581553
     0.669243  7.68516e+09      3.08277      1.36498      8.39055    0.0212809   0.00942270    0.0579214
     0.663432  7.71922e+09      3.17587      1.45086      9.03286    0.0218399   0.00997731    0.0621172
     0.657661  7.75328e+09      3.17836      1.44149      8.90519    0.0217724   0.00987449    0.0610025
     0.651928  7.78734e+09      2.99387      1.48545      8.61311    0.0204285    0.0101359    0.0587712
     0.646234  7.82138e+09      3.14122      1.41824      8.38665    0.0213455   0.00963735    0.0569899
     0.640577  7.85542e+09      3.18121      1.46247      9.18503    0.0215272   0.00989653    0.0621550
     0.634958  7.88946e+09      3.15622      1.50759      8.91960    0.0212621    0.0101560    0.0600876
     0.629375  7.92349e+09      3.07405      1.43268      8.11224    0.0206216   0.00961084    0.0544192
     0.623829  7.95751e+09      3.08751      1.45415      8.59574    0.0206332   0.00971779    0.0574436
     0.618319  7.99152e+09      3.15992      1.50670      9.20792    0.0210384    0.0100314    0.0613052
     0.612845  8.02553e+09      3.13783      1.42976      8.92820    0.0208124   0.00948318    0.0592183
     0.607406  8.05954e+09      3.09490      1.43654      8.50244    0.0204515   0.00949282    0.0561852
     0.602002  8.09353e+09      3.12067      1.44402      8.42650    0.0205467   0.00950752    0.0554806
     0.596632  8.12752e+09      3.13873      1.43422      8.87813    0.0205882   0.00940763    0.0582352
     0.591296  8.16151e+09      3.10569      1.53928      8.94220    0.0202931    0.0100579    0.0584298
     0.585994  8.19549e+09      3.21353      1.44560      8.86988    0.0209184   0.00941009    0.0577384
     0.580725  8.22946e+09      3.00451      1.42632      9.11244    0.0194819   0.00924853    0.0590868
     0.575489  8.26343e+09      3.15102      1.46087      8.59803    0.0203551   0.00943699    0.0555419
     0.570286  8.29739e+09      3.08712      1.45643      8.32342    0.0198675   0.00937303    0.0535662
     0.565115  8.33134e+09      3.08295      1.50311      9.10007    0.0197619   0.00963506    0.0583322
     0.559976  8.36529e+09      3.10581      1.46224      9.20726    0.0198320   0.00933708    0.0587926
     0.554868  8.39923e+09      3.05392      1.50883      8.48674    0.0194259   0.00959763    0.0539841
     0.549791  8.43317e+09      3.07578      1.47487      8.43032    0.0194902   0.00934578    0.0534201
     0.544746  8.46710e+09      3.17073      1.53709      8.99351    0.0200063   0.00969857    0.0567461
     0.539730  8.50102e+09      3.03194      1.46051      8.87289    0.0190524   0.00917773    0.0557564
     0.534745  8.53494e+09      3.12542      1.52896      8.48762    0.0195653   0.00957138    0.0531330
     0.529790  8.56885e+09      3.14625      1.47261      8.64648    0.0196245   0.00918527    0.0539318
     0.524864  8.60276e+09      3.26634      1.51979      9.09643    0.0203034   0.00944692    0.0565429
     0.519968  8.63666e+09      3.08669      1.48124      9.08000    0.0191198   0.00917518    0.0562439
     0.515100  8.67055e+09      3.12229      1.41898      8.46969    0.0192730   0.00875895    0.0522809
     0.510261  8.70444e+09      3.09894      1.54280      8.32268    0.0190613   0.00948965    0.0511921
     0.505451  8.73832e+09      3.03912      1.48390      8.88735    0.0186296   0.00909623    0.0544790
     0.500668  8.77220e+09      3.17286      1.51674      8.62827    0.0193866   0.00926752    0.0527200
     0.495913  8.80607e+09      3.16077      1.59395      8.90955    0.0192515   0.00970837    0.0542661
     0.491186  8.83993e+09      3.11394      1.55071      8.72185    0.0189043   0.00941413    0.0529492
     0.486485  8.87379e+09      3.17706      1.57570      8.75395    0.0192267   0.00953571    0.0529766
     0.481812  8.90764e+09      3.14860      1.48668      8.84136    0.0189935   0.00896819    0.0533342
     0.477165  8.94149e+09      3.20816      1.48237      8.62655    0.0192920   0.00891412    0.0518752
     0.472545  8.97533e+09      3.11999      1.51720      8.83297    0.0187032   0.00909505    0.0529503
     0.467950  9.00916e+09      3.11707      1.53776      8.80516    0.0186285   0.00919006    0.0526220
     0.463382  9.04299e+09      3.06848      1.48386      8.80019    0.0182810   0.00884037    0.0524286
     0.458839  9.07681e+09      3.16541      1.53177      8.64197    0.0187988   0.00909691    0.0513232
     0.454321  9.11063e+09      3.07951      1.50138      8.66708    0.0182280   0.00888685    0.0513016
     0.449828  9.14444e+09      3.17665      1.50420      8.70556    0.0187408   0.00887410    0.0513587
     0.445360  9.17825e+09      3.21159      1.53288      8.80146    0.0188842   0.00901342    0.0517529
     0.440917  9.21205e+09      3.12891      1.59975      8.81860    0.0183394   0.00937662    0.0516884
     0.436498  9.24584e+09      3.05691      1.50310      8.54412    0.0178605   0.00878213    0.0499206
     0.432103  9.27963e+09      3.21674      1.47915      9.05749    0.0187337   0.00861434    0.0527492
     0.427732  9.31341e+09      3.16127      1.53221      9.06328    0.0183514   0.00889464    0.0526132
     0.423384  9.34719e+09      3.02433      1.45958      8.63089    0.0175020   0.00844671    0.0499476
     0.419060  9.38096e+09      3.19321      1.55854      8.77491    0.0184222   0.00899147    0.0506240
     0.414759  9.41472e+09      3.19686      1.52775      8.78916    0.0183884   0.00878764    0.0505553
     0.410481  9.44848e+09      3.18093      1.52815      8.60499    0.0182414   0.00876336    0.0493463
     0.406226  9.48224e+09      3.19255      1.52154      8.79216    0.0182518   0.00869866    0.0502648
     0.401993  9.51599e+09      3.11851      1.48917      8.73325    0.0177758   0.00848841    0.0497804
     0.397782  9.54973e+09      3.01045      1.50655      8.84434    0.0171093   0.00856220    0.0502652
     0.393594  9.58347e+09      3.20611      1.61982      9.09775    0.0181687   0.00917935    0.0515561
     0.389427  9.61720e+09      3.21411      1.59028      8.90767    0.0181606   0.00898550    0.0503308
     0.385282  9.65092e+09      3.05652      1.49222      8.35754    0.0172206   0.00840726    0.0470869
     0.381159  9.68464e+09      3.08275      1.49806      8.44152    0.0173196   0.00841645    0.0474263
     0.377056  9.71836e+09      3.17128      1.53330      8.83171    0.0177660   0.00858977    0.0494766
     0.372975  9.75207e+09      3.11805      1.54171      8.55828    0.0174189   0.00861275    0.0478106
     0.368915  9.78577e+09      3.15072      1.59642      8.60938    0.0175514   0.00889298    0.0479593
     0.364876  9.81947e+09      3.11914      1.53517      8.50067    0.0173271   0.00852801    0.0472220
     0.360856  9.85316e+09      3.15602      1.52806      8.65061    0.0174832   0.00846490    0.0479213
     0.356858  9.88685e+09      3.16742      1.53134      8.80140    0.0174988   0.00846005    0.0486243
     0.352879  9.92053e+09      3.14849      1.57784      8.68466    0.0173451   0.00869236    0.0478440
     0.348920  9.95421e+09      3.09827      1.53667      8.66449    0.0170223   0.00844264    0.0476037
     0.344981  9.98788e+09      3.10880      1.55739      9.06464    0.0170340   0.00853340    0.0496678
     0.341062  1.00215e+10      3.25924      1.62140      8.76178    0.0178103   0.00886021    0.0478792
     0.337162  1.00552e+10      3.22941      1.57431      8.42232    0.0176009   0.00858025    0.0459032
     0.333282  1.00889e+10      3.06391      1.47778      8.61295    0.0166561   0.00803351    0.0468217
     0.329420  1.01225e+10      3.20613      1.62328      8.63127    0.0173845   0.00880186    0.0468010
     0.325577  1.01562e+10      3.14130      1.50727      8.84654    0.0169894   0.00815194    0.0478456
     0.321753  1.01898e+10      3.04837      1.55310      8.90321    0.0164448   0.00837836    0.0480294
     0.317948  1.02234e+10      3.24923      1.59199      8.72209    0.0174837   0.00856633    0.0469326
     0.314161  1.02571e+10      3.10310      1.59541      8.65619    0.0166559   0.00856337    0.0464622
     0.310392  1.02907e+10      3.17558      1.53325      8.34928    0.0170018   0.00820893    0.0447015
     0.306642  1.03243e+10      3.12863      1.56852      8.64253    0.0167081   0.00837651    0.0461545
     0.302909  1.03579e+10      3.11429      1.53435      8.70415    0.0165905   0.00817385    0.0463690
     0.299194  1.03915e+10      3.24085      1.63422      8.64030    0.0172223   0.00868445    0.0459156
     0.295497  1.04251e+10      3.20055      1.60779      8.65231    0.0169654   0.00852256    0.0458639
     0.291817  1.04587e+10      3.12471      1.56887      8.76629    0.0165219   0.00829542    0.0463518
     0.288155  1.04923e+10      3.16328      1.55189      8.77581    0.0166840   0.00818513    0.0462861
     0.284509  1.05259e+10      3.14865      1.55464      8.55806    0.0165664   0.00817964    0.0450277
     0.280881  1.05595e+10      3.13685      1.50796      8.10885    0.0164632   0.00791426    0.0425579
     0.277270  1.05931e+10      3.21103      1.51212      8.80953    0.0168117   0.00791685    0.0461232
     0.273675  1.06266e+10      3.27524      1.58203      8.80879    0.0171063   0.00826278    0.0460075
     0.270097  1.06602e+10      2.98934      1.49391      8.19784    0.0155753   0.00778369    0.0427132
     0.266536  1.06938e+10      3.23317      1.54434      8.64675    0.0168051   0.00802707    0.0449434
     0.262991  1.07273e+10      3.17257      1.57485      8.87978    0.0164505   0.00816597    0.0460436
     0.259462  1.07609e+10      3.17223      1.58758      8.37240    0.0164092   0.00821215    0.0433084
     0.255949  1.07944e+10      3.08054      1.57688      8.26249    0.0158959   0.00813684    0.0426351
     0.252452  1.08279e+10      3.15008      1.46902      8.83641    0.0162130   0.00756085    0.0454798
     0.248971  1.08615e+10      3.17257      1.51213      9.04008    0.0162880   0.00776328    0.0464119
     0.245506  1.08950e+10      3.13726      1.49449      8.71743    0.0160683   0.00765444    0.0446488
     0.242056  1.09285e+10      3.17099      1.60457      8.48450    0.0162007   0.00819779    0.0433476
     0.238622  1.09621e+10      3.27959      1.67415      8.53618    0.0167121   0.00853110    0.0434984
     0.235203  1.09956e+10      3.10521      1.53906      8.64362    0.0157851   0.00782370    0.0439392
     0.231799  1.10291e+10      3.19685      1.57524      8.76083    0.0162135   0.00798916    0.0444323
     0.228410  1.10626e+10      3.12202      1.60681      8.43983    0.0157993   0.00813142    0.0427106
     0.225036  1.10961e+10      3.17541      1.62846      8.75426    0.0160344   0.00822299    0.0442051
     0.221677  1.11296e+10      3.21136      1.59477      8.45678    0.0161797   0.00803488    0.0426075
     0.218333  1.11631e+10      3.17050      1.65534      8.80488    0.0159373   0.00832098    0.0442599
     0.215003  1.11966e+10      3.10207      1.55080      9.01762    0.0155578   0.00777768    0.0452259
     0.211688  1.12301e+10      3.14934      1.65952      8.34790    0.0157589   0.00830399    0.0417718
     0.208387  1.12635e+10      3.14611      1.48766      8.51915    0.0157069   0.00742709    0.0425317
     0.205101  1.12970e+10      3.15632      1.54958      8.52677    0.0157221   0.00771870    0.0424732
     0.201829  1.13305e+10      3.15796      1.55440      8.67982    0.0156965   0.00772605    0.0431426
     0.198570  1.13639e+10      3.19049      1.54612      8.40745    0.0158232   0.00766800    0.0416967
     0.195326  1.13974e+10      3.21239      1.57393      8.71148    0.0158978   0.00778922    0.0431122
     0.192095  1.14309e+10      3.17003      1.60289      8.95311    0.0156538   0.00791516    0.0442108
     0.188878  1.14643e+10      3.14633      1.62941      8.33915    0.0155027   0.00802846    0.0410889
     0.185675  1.14977e+10      3.16092      1.70542      8.63793    0.0155414   0.00838511    0.0424705
     0.182485  1.15312e+10      3.20972      1.58664      8.54193    0.0157470   0.00778407    0.0419069
     0.179309  1.15646e+10      3.11997      1.59940      8.58707    0.0152742   0.00783008    0.0420391
     0.176146  1.15981e+10      3.15912      1.57689      8.65211    0.0154323   0.00770308    0.0422655
     0.172996  1.16315e+10      3.13153      1.59286      8.71243    0.0152652   0.00776468    0.0424703
     0.169860  1.16649e+10      3.17427      1.59137      8.74102    0.0154419   0.00774156    0.0425225
     0.166736  1.16983e+10      3.14358      1.64870      8.59375    0.0152596   0.00800315    0.0417158
     0.163625  1.17317e+10      3.21718      1.59113      8.67038    0.0155841   0.00770746    0.0419995
     0.160527  1.17651e+10      3.12221      1.57410      8.73730    0.0150907   0.00760815    0.0422303
     0.157442  1.17985e+10      3.17752      1.63411      8.69898    0.0153251   0.00788123    0.0419548
     0.154370  1.18319e+10      3.15790      1.56359      8.62695    0.0151995   0.00752582    0.0415230
     0.151310  1.18653e+10      3.18159      1.63290      8.38038    0.0152808   0.00784264    0.0402500
     0.148262  1.18987e+10      3.19405      1.61906      8.51845    0.0153088   0.00775998    0.0408281
     0.145227  1.19321e+10      3.24437      1.55655      9.12843    0.0155168   0.00744450    0.0436585
     0.142204  1.19655e+10      3.20231      1.68237      8.66978    0.0152823   0.00802871    0.0413744
     0.139193  1.19989e+10      3.13638      1.53566      8.25287    0.0149359   0.00731302    0.0393013
     0.136195  1.20323e+10      3.21536      1.58859      8.44677    0.0152769   0.00754777    0.0401325
     0.133208  1.20656e+10      3.24973      1.57721      8.78447    0.0154058   0.00747699    0.0416441
     0.130234  1.20990e+10      3.14913      1.56724      8.60885    0.0148957   0.00741320    0.0407207
     0.127271  1.21323e+10      3.13332      1.61538      8.47105    0.0147880   0.00762393    0.0399799
     0.124320  1.21657e+10      3.19956      1.63724      8.63405    0.0150671   0.00770997    0.0406588
     0.121380  1.21991e+10      3.22338      1.59096      8.55612    0.0151431   0.00747417    0.0401957
     0.118452  1.22324e+10      3.18774      1.62937      8.80955    0.0149425   0.00763768    0.0412948
     0.115536  1.22657e+10      3.16526      1.55069      8.43822    0.0148053   0.00725325    0.0394693
     0.112631  1.22991e+10      3.19736      1.59622      8.29784    0.0149234   0.00745017    0.0387292
     0.109738  1.23324e+10      3.20158      1.67560      8.46410    0.0149110   0.00780394    0.0394207
     0.106856  1.23658e+10      3.24054      1.58958      8.55126    0.0150594   0.00738705    0.0397393
     0.103985  1.23991e+10      3.22365      1.66382      8.86766    0.0149480   0.00771511    0.0411192
     0.101125  1.24324e+10      3.14939      1.56899      8.75792    0.0145709   0.00725905    0.0405192
    0.0982758  1.24657e+10      3.10615      1.50993      8.42192    0.0143369   0.00696931    0.0388727
    0.0954379  1.24990e+10      3.15024      1.57555      8.55970    0.0145079   0.00725593    0.0394203
    0.0926109  1.25323e+10      3.21636      1.68136      8.50410    0.0147793   0.00772589    0.0390766
    0.0897948  1.25656e+10      3.12440      1.65564      9.07899    0.0143255   0.00759118    0.0416276
    0.0869893  1.25990e+10      3.20451      1.63443      8.70250    0.0146601   0.00747720    0.0398124
    0.0841946  1.26322e+10      3.20502      1.66137      8.17831    0.0146297   0.00758354    0.0373310
    0.0814104  1.26655e+10      3.32252      1.73018      8.47877    0.0151315   0.00787960    0.0386142
    0.0786368  1.26988e+10      3.18512      1.67027      8.67380    0.0144736   0.00758992    0.0394148
    0.0758736  1.27321e+10      3.21649      1.64872      8.73438    0.0145846   0.00747578    0.0396043
    0.0731208  1.27654e+10      3.27233      1.67363      8.47438    0.0148066   0.00757285    0.0383449
    0.0703784  1.27987e+10      3.16637      1.64352      8.50883    0.0142955   0.00742014    0.0384156
    0.0676462  1.28320e+10      3.18095      1.64597      8.40212    0.0143313   0.00741567    0.0378546
    0.0649242  1.28652e+10      3.08000      1.56613      8.63290    0.0138467   0.00704086    0.0388109
    0.0622123  1.28985e+10      3.25359      1.60144      8.63828    0.0145958   0.00718413    0.0387518
    0.0595104  1.29318e+10      3.17852      1.65682      8.49919    0.0142293   0.00741714    0.0380485
    0.0568186  1.29650e+10      3.21706      1.69790      8.73269    0.0143702   0.00758432    0.0390080
    0.0541367  1.29983e+10      3.23451      1.58305      8.33265    0.0144166   0.00705585    0.0371396
    0.0514646  1.30315e+10      3.12783      1.61704      8.30653    0.0139098   0.00719113    0.0369400
    0.0488023  1.30648e+10      3.17275      1.63301      8.42574    0.0140787   0.00724631    0.0373882
    0.0461498  1.30980e+10      3.29917      1.73256      8.80452    0.0146077   0.00767126    0.0389837
    0.0435069  1.31313e+10      3.17494      1.58200      9.08865    0.0140271   0.00698938    0.0401542
    0.0408736  1.31645e+10      3.17923      1.59587      8.35436    0.0140162   0.00703571    0.0368317
    0.0382499  1.31977e+10      3.22516      1.63259      8.27602    0.0141887   0.00718237    0.0364093
    0.0356357  1.32309e+10      3.20620      1.63209      8.67268    0.0140754   0.00716500    0.0380737
    0.0330309  1.32642e+10      3.15015      1.59099      8.58186    0.0138002   0.00696983    0.0375955
    0.0304355  1.32974e+10      3.21374      1.57158      8.44846    0.0140483   0.00686990    0.0369310
    0.0278493  1.33306e+10      3.21712      1.53381      8.65057    0.0140311   0.00668950    0.0377283
    0.0252724  1.33638e+10      3.20277      1.66802      8.56105    0.0139351   0.00725747    0.0372487
    0.0227048  1.33970e+10      3.14228      1.69005      8.35827    0.0136392   0.00733576    0.0362795
    0.0201462  1.34302e+10      3.20947      1.66049      8.56557    0.0139001   0.00719149    0.0370970
    0.0175967  1.34634e+10      3.20397      1.62987      8.82798    0.0138480   0.00704452    0.0381558
    0.0150563  1.34966e+10      3.20883      1.69052      8.69013    0.0138400   0.00729136    0.0374814
    0.0125248  1.35298e+10      3.15588      1.62822      8.70325    0.0135832   0.00700805    0.0374597
    0.0100022  1.35630e+10      3.19930      1.69608      8.23374    0.0137414   0.00728486    0.0353649
   0.00748853  1.35962e+10      3.22977      1.62210      8.28361    0.0138434   0.00695264    0.0355051
   0.00498362  1.36294e+10      3.16716      1.57947      8.96836    0.0135460   0.00675541    0.0383578
   0.00248746  1.36626e+10      3.18077      1.61129      9.05053    0.0135760   0.00687723    0.0386290
  1.44329e-15  1.36958e+10      3.15747      1.54513      8.57039    0.0134494   0.00658153    0.0365060
