      46.3767  5.57526e+07      0.00000      0.00000      0.00000      0.00000      0.00000      0.00000
      33.2231  9.08112e+07      0.00000      0.00000      0.00000      0.00000      0.00000      0.00000
      26.5294  1.25870e+08      0.00000      0.00000      0.00000      0.00000      0.00000      0.00000
      22.3697  1.60928e+08      0.00000      0.00000      0.00000      0.00000      0.00000      0.00000
      19.4921  1.95986e+08      0.00000      0.00000      0.00000      0.00000      0.00000      0.00000
      17.3626  2.31043e+08      0.00000      0.00000      0.00000      0.00000      0.00000      0.00000
      15.7119  2.66101e+08      0.00000      0.00000      0.00000      0.00000      0.00000      0.00000
      14.3881  3.01158e+08      0.00000      0.00000      0.00000      0.00000      0.00000      0.00000
      13.2986  3.36214e+08      0.00000      0.00000      0.00000      0.00000      0.00000      0.00000
      12.3834  3.71270e+08     0.153933    0.0681350     0.225019    0.0837367    0.0370642     0.122406
      11.6018  4.06325e+08     0.277554    0.0918651     0.745089     0.181146    0.0430911     0.472304
      10.9250  4.41380e+08     0.452505     0.179403      1.09161     0.137253    0.0544164     0.331105
      10.3323  4.76433e+08     0.241302     0.112707     0.444687    0.0635931    0.0297030     0.117194
      9.80803  5.11486e+08     0.246536     0.117973     0.540475    0.0593559    0.0272494     0.124823
      9.34042  5.46539e+08     0.232212     0.111848     0.503446    0.0495582    0.0231355     0.106256
      8.92025  5.81590e+08     0.182463    0.0880429     0.396326    0.0353279    0.0164275    0.0756857
      8.54026  6.16641e+08     0.196540    0.0958281     0.451019    0.0337210    0.0162035    0.0783038
      8.19462  6.51690e+08     0.218552     0.101019     0.560187    0.0326168    0.0147755    0.0850843
      7.87861  6.86738e+08     0.211609    0.0970118     0.522016    0.0285381    0.0127781    0.0789932
      7.58838  7.21786e+08     0.195474    0.0914641     0.515042    0.0235080    0.0108379    0.0627214
      7.32070  7.56832e+08     0.210702    0.0948436     0.589205    0.0235830    0.0104626    0.0670524
      7.07290  7.91877e+08     0.191002    0.0855171     0.480299    0.0195030   0.00866669    0.0500445
      6.84270  8.26920e+08     0.163345    0.0754498     0.418387    0.0156921   0.00711936    0.0413461
      6.62820  8.61963e+08     0.176185    0.0770923     0.442267    0.0156422   0.00683951    0.0400882
      6.42773  8.97004e+08     0.174205    0.0799678     0.441322    0.0148533   0.00665940    0.0377193
      6.23989  9.32043e+08     0.173788    0.0805015     0.410611    0.0139306   0.00632533    0.0334152
      6.06345  9.67081e+08     0.172768    0.0816033     0.404940    0.0130840   0.00605524    0.0306855
      5.89733  1.00212e+09     0.173007    0.0817960     0.402718    0.0124114   0.00575163    0.0291734
      5.74061  1.03715e+09     0.167462    0.0823532     0.392622    0.0114196   0.00552771    0.0270755
      5.59245  1.07219e+09     0.231948     0.151470     0.408327    0.0149350   0.00972996    0.0268952
      5.45213  1.10722e+09     0.151565    0.0744579     0.330822   0.00929627   0.00448049    0.0203981
      5.31900  1.14225e+09     0.137397    0.0725993     0.291086   0.00825966   0.00422113    0.0188211
      5.19249  1.17727e+09     0.141287    0.0748076     0.301465   0.00832510   0.00417425    0.0197901
      5.07209  1.21230e+09     0.147479    0.0787543     0.296032   0.00791109   0.00419418    0.0166220
      4.95734  1.24732e+09     0.148205    0.0772056     0.294698   0.00768831   0.00398464    0.0156908
      4.84783  1.28235e+09     0.142465    0.0799873     0.296346   0.00711716   0.00395758    0.0150892
      4.74317  1.31737e+09     0.153464    0.0852929     0.294494   0.00732394   0.00402627    0.0147777
      4.64303  1.35239e+09     0.161503    0.0900441     0.298403   0.00748849   0.00411573    0.0141136
      4.54712  1.38740e+09     0.172147    0.0965456     0.303869   0.00777719   0.00430819    0.0138832
      4.45514  1.42241e+09     0.166064    0.0912702     0.303520   0.00727554   0.00399182    0.0135831
      4.36685  1.45743e+09     0.176190    0.0868288     0.320363   0.00816358   0.00432181    0.0171500
      4.28200  1.49244e+09     0.179763    0.0855240     0.325265   0.00856626   0.00444700    0.0202316
      4.20041  1.52744e+09     0.183029    0.0900539     0.335677   0.00815238   0.00420871    0.0178819
      4.12185  1.56245e+09     0.165557     0.100961     0.305883   0.00638101   0.00387374    0.0121235
      4.04617  1.59745e+09     0.166834    0.0950556     0.307048   0.00648407   0.00376992    0.0136269
      3.97318  1.63245e+09     0.167480    0.0951482     0.317191   0.00629902   0.00358786    0.0131588
      3.90275  1.66744e+09     0.173001     0.101654     0.309324   0.00617032   0.00359545    0.0112580
      3.83473  1.70244e+09     0.181887     0.108959     0.323059   0.00626189   0.00374974    0.0117158
      3.76898  1.73743e+09     0.185859     0.111222     0.338293   0.00623819   0.00371663    0.0116586
      3.70540  1.77242e+09     0.187133     0.111842     0.337505   0.00606890   0.00359314    0.0114957
      3.64386  1.80741e+09     0.194394     0.113062     0.351355   0.00592063   0.00343164    0.0108895
      3.58427  1.84239e+09     0.197323     0.112879     0.348955   0.00579107   0.00336394    0.0106128
      3.52652  1.87737e+09     0.199980     0.121256     0.344581   0.00574038   0.00347477    0.0106075
      3.47052  1.91235e+09     0.202805     0.120386     0.354547   0.00563426   0.00331850    0.0105360
      3.41620  1.94732e+09     0.212886     0.125713     0.371362   0.00570107   0.00334557    0.0107793
      3.36347  1.98229e+09     0.249052     0.148155     0.412353   0.00648349   0.00386567    0.0112904
      3.31226  2.01726e+09     0.203280     0.122601     0.365034   0.00513275   0.00310161   0.00979022
      3.26249  2.05223e+09     0.204229     0.122370     0.370269   0.00513766   0.00311534    0.0102685
      3.21411  2.08719e+09     0.213244     0.130827     0.374359   0.00511020   0.00313699   0.00938310
      3.16705  2.12215e+09     0.217021     0.128903     0.381895   0.00517257   0.00310092   0.00957964
      3.12126  2.15710e+09     0.223342     0.134614     0.414644   0.00507271   0.00305745   0.00941768
      3.07667  2.19206e+09     0.227971     0.136288     0.421279   0.00513514   0.00307911   0.00968616
      3.03325  2.22701e+09     0.233051     0.136336     0.431402   0.00519043   0.00311636    0.0100587
      2.99094  2.26195e+09     0.233769     0.128505     0.431203   0.00519112   0.00298137    0.0101390
      2.94969  2.29689e+09     0.232651     0.144614     0.435865   0.00493959   0.00307041   0.00925419
      2.90947  2.33183e+09     0.243332     0.144805     0.447824   0.00509613   0.00303267   0.00937883
      2.87022  2.36677e+09     0.246334     0.150053     0.450325   0.00511100   0.00311891   0.00938029
      2.83193  2.40170e+09     0.251090     0.154883     0.462799   0.00518571   0.00320713   0.00971516
      2.79454  2.43663e+09     0.253649     0.154542     0.457112   0.00515204   0.00316182   0.00941920
      2.75803  2.47155e+09     0.258453     0.155658     0.481697   0.00520651   0.00315820   0.00981452
      2.72235  2.50647e+09     0.264997     0.155562     0.493738   0.00524151   0.00308627   0.00995835
      2.68749  2.54139e+09     0.273989     0.159147     0.519446   0.00539917   0.00320915    0.0106454
      2.65341  2.57631e+09     0.280093     0.158890     0.505483   0.00536667   0.00307071   0.00978314
      2.62008  2.61121e+09     0.291412     0.169253     0.520639   0.00547414   0.00317939   0.00978014
      2.58748  2.64612e+09     0.281175     0.160764     0.536831   0.00534625   0.00312026    0.0105959
      2.55557  2.68102e+09     0.292889     0.164625     0.534948   0.00544363   0.00311716    0.0101288
      2.52435  2.71592e+09     0.294499     0.163387     0.535656   0.00538233   0.00300212   0.00982488
      2.49377  2.75081e+09     0.297159     0.165473     0.570269   0.00537441   0.00300904    0.0106241
      2.46383  2.78570e+09     0.296557     0.164256     0.561958   0.00528035   0.00298240   0.00999487
      2.43450  2.82059e+09     0.303962     0.170603     0.563395   0.00530480   0.00297739   0.00983247
      2.40576  2.85547e+09     0.311908     0.179410     0.615577   0.00539188   0.00310481    0.0108289
      2.37759  2.89035e+09     0.307022     0.175876     0.585819   0.00532198   0.00309437    0.0103816
      2.34997  2.92522e+09     0.316703     0.178944     0.592045   0.00536824   0.00304204    0.0101731
      2.32289  2.96009e+09     0.318530     0.179279     0.597802   0.00535003   0.00300376    0.0101609
      2.29633  2.99495e+09     0.334693     0.190067     0.626211   0.00555555   0.00318280    0.0105117
      2.27027  3.02981e+09     0.328020     0.182013     0.614837   0.00538595   0.00300375    0.0101613
      2.24469  3.06467e+09     0.328248     0.192533     0.653598   0.00532798   0.00312762    0.0106782
      2.21959  3.09952e+09     0.453502     0.266344     0.751805   0.00724834   0.00425699    0.0120161
      2.19495  3.13437e+09     0.370428     0.202845     0.679168   0.00587644   0.00321791    0.0107742
      2.17076  3.16921e+09     0.374868     0.211080     0.697914   0.00603609   0.00338579    0.0116256
      2.14699  3.20405e+09     0.363017     0.206428     0.692501   0.00567282   0.00322583    0.0108216
      2.12365  3.23888e+09     0.358035     0.196496     0.685593   0.00555422   0.00304826    0.0106357
      2.10071  3.27371e+09     0.385446     0.219990     0.705929   0.00595851   0.00340618    0.0109517
      2.07817  3.30854e+09     0.376295     0.209253     0.722449   0.00575368   0.00319955    0.0110465
      2.05601  3.34336e+09     0.366747     0.197652     0.722143   0.00556543   0.00299939    0.0109586
      2.03423  3.37817e+09     0.399903     0.218408     0.756852   0.00603991   0.00332316    0.0114791
      2.01281  3.41298e+09     0.374251     0.213294     0.728273   0.00558835   0.00318493    0.0108746
      1.99174  3.44779e+09     0.405077     0.225520     0.769518   0.00599495   0.00333759    0.0113885
      1.97102  3.48259e+09     0.391502     0.215503     0.747724   0.00573993   0.00315955    0.0109626
      1.95063  3.51738e+09     0.442903     0.239409     0.782697   0.00650669   0.00358766    0.0119327
      1.93058  3.55217e+09     0.439968     0.234106     0.781983   0.00656932   0.00356832    0.0123023
      1.91084  3.58696e+09     0.447664     0.249092     0.772764   0.00632056   0.00351692    0.0109107
      1.89140  3.62174e+09     0.450902     0.251075     0.813224   0.00630200   0.00350913    0.0113660
      1.87227  3.65652e+09     0.462543     0.226540     0.825233   0.00700402   0.00386055    0.0138922
      1.85344  3.69129e+09     0.478197     0.273976     0.820662   0.00654978   0.00375261    0.0112405
      1.83489  3.72605e+09     0.438704     0.243602     0.833458   0.00597816   0.00332723    0.0114870
      1.81662  3.76081e+09     0.464175     0.256905     0.844437   0.00625753   0.00349243    0.0114111
      1.79863  3.79557e+09     0.441658     0.247415     0.812054   0.00586867   0.00328760    0.0107904
      1.78090  3.83032e+09     0.441701     0.241442     0.820299   0.00581201   0.00317695    0.0107937
      1.76343  3.86507e+09     0.469598     0.255784     0.831977   0.00611136   0.00332879    0.0108274
      1.74621  3.89981e+09     0.457709     0.245946     0.821416   0.00587594   0.00315739    0.0105451
      1.72924  3.93454e+09     0.459322     0.256072     0.858170   0.00582180   0.00324565    0.0108771
      1.71251  3.96927e+09     0.468293     0.250637     0.888864   0.00587707   0.00314548    0.0111552
      1.69602  4.00399e+09     0.465514     0.265434     0.858840   0.00578722   0.00329985    0.0106770
      1.67976  4.03871e+09     0.474349     0.250463     0.864852   0.00584268   0.00308501    0.0106526
      1.66372  4.07343e+09     0.504983     0.279911     0.890166   0.00616530   0.00341741    0.0108680
      1.64790  4.10814e+09     0.477133     0.268249     0.844455   0.00577546   0.00324702    0.0102217
      1.63230  4.14284e+09     0.486439     0.277379     0.903827   0.00583843   0.00332921    0.0108481
      1.61691  4.17754e+09     0.489398     0.279488     0.894161   0.00582213   0.00332494    0.0106374
      1.60173  4.21223e+09     0.521069     0.297508     0.904019   0.00614725   0.00350982    0.0106651
      1.58674  4.24692e+09     0.502501     0.279951     0.904640   0.00587762   0.00327451    0.0105813
      1.57195  4.28160e+09     0.504891     0.285390     0.923229   0.00584863   0.00330594    0.0106946
      1.55736  4.31627e+09     0.523567     0.300585     0.941098   0.00601054   0.00345071    0.0108038
      1.54295  4.35094e+09     0.509664     0.285199     0.930982   0.00580619   0.00324904    0.0106059
      1.52873  4.38561e+09     0.562507     0.309128     0.972509   0.00635986   0.00349508    0.0109955
      1.51468  4.42027e+09     0.543400     0.304531     0.968836   0.00609662   0.00341666    0.0108698
      1.50082  4.45492e+09     0.565927     0.324872     0.979371   0.00630320   0.00361837    0.0109081
      1.48712  4.48957e+09     0.544535     0.312583     0.990540   0.00602252   0.00345714    0.0109553
      1.47360  4.52421e+09     0.562427     0.319935     0.977445   0.00617643   0.00351344    0.0107340
      1.46024  4.55885e+09     0.561280     0.319444     0.995514   0.00611937   0.00348274    0.0108536
      1.44705  4.59348e+09     0.568413     0.314223     0.980750   0.00614861   0.00339900    0.0106089
      1.43401  4.62810e+09     0.570857     0.315670      1.00225   0.00612360   0.00338620    0.0107512
      1.42113  4.66272e+09     0.566198     0.322928     0.994835   0.00602223   0.00343475    0.0105813
      1.40840  4.69733e+09     0.576698     0.319076      1.00884   0.00609358   0.00337147    0.0106598
      1.39582  4.73194e+09     0.579050     0.320079      1.02834   0.00608173   0.00336177    0.0108006
      1.38339  4.76654e+09     0.582581     0.327550      1.05471   0.00608342   0.00342034    0.0110134
      1.37111  4.80114e+09     0.624480     0.358296      1.05224   0.00648616   0.00372144    0.0109291
      1.35896  4.83573e+09     0.617029     0.348294      1.02249   0.00637518   0.00359859    0.0105644
      1.34695  4.87031e+09     0.601713     0.331794      1.03169   0.00618340   0.00340962    0.0106020
      1.33508  4.90489e+09     0.590542     0.329901      1.04647   0.00603394   0.00337081    0.0106925
      1.32335  4.93947e+09     0.627180     0.349219      1.09926   0.00637001   0.00354688    0.0111647
      1.31174  4.97403e+09     0.625906     0.368089      1.09097   0.00631809   0.00371560    0.0110126
      1.30026  5.00859e+09     0.637353     0.364341      1.08412   0.00639099   0.00365339    0.0108709
      1.28891  5.04315e+09     0.645403     0.360612      1.12127   0.00642866   0.00359194    0.0111686
      1.27768  5.07770e+09     0.649496     0.368484      1.11198   0.00642772   0.00364669    0.0110047
      1.26657  5.11224e+09     0.650390     0.382964      1.09512   0.00639527   0.00376567    0.0107683
      1.25558  5.14678e+09     0.655294     0.366786      1.12104   0.00640160   0.00358315    0.0109515
      1.24471  5.18131e+09     0.686322     0.379645      1.15664   0.00666292   0.00368565    0.0112289
      1.23396  5.21583e+09     0.684438     0.394224      1.14669   0.00660187   0.00380255    0.0110605
      1.22332  5.25035e+09     0.665740     0.379113      1.13219   0.00637546   0.00363057    0.0108425
      1.21278  5.28486e+09     0.684717     0.387107      1.17024   0.00650614   0.00367827    0.0111196
      1.20236  5.31937e+09     0.687754     0.392940      1.16689   0.00648819   0.00370695    0.0110084
      1.19205  5.35387e+09     0.695832     0.396076      1.15753   0.00652218   0.00371251    0.0108498
      1.18183  5.38836e+09     0.681883     0.391431      1.18647   0.00634937   0.00364482    0.0110478
      1.17173  5.42285e+09     0.708333     0.406962      1.16939   0.00655403   0.00376552    0.0108201
      1.16172  5.45733e+09     0.712581     0.409571      1.18306   0.00654993   0.00376471    0.0108745
      1.15182  5.49181e+09     0.715425     0.406315      1.20326   0.00653568   0.00371184    0.0109922
      1.14201  5.52628e+09     0.724321     0.415472      1.17559   0.00657914   0.00377381    0.0106781
      1.13230  5.56074e+09     0.711925     0.400233      1.18295   0.00643050   0.00361512    0.0106851
      1.12269  5.59520e+09     0.714107     0.413293      1.19278   0.00641779   0.00371433    0.0107197
      1.11316  5.62965e+09     0.840138     0.502086      1.31245   0.00751944   0.00449491    0.0117568
      1.10373  5.66409e+09     0.709147     0.414490      1.19885   0.00631629   0.00369181    0.0106780
      1.09439  5.69853e+09     0.719804     0.421339      1.20630   0.00638607   0.00373811    0.0107022
      1.08514  5.73296e+09     0.737983     0.413168      1.22345   0.00651956   0.00365005    0.0108083
      1.07598  5.76739e+09     0.721309     0.413631      1.21480   0.00634207   0.00363683    0.0106810
      1.06690  5.80181e+09     0.738326     0.435936      1.25518   0.00645919   0.00381375    0.0109808
      1.05791  5.83622e+09     0.746261     0.436426      1.22466   0.00649417   0.00379790    0.0106574
      1.04900  5.87063e+09     0.738419     0.427491      1.23253   0.00639219   0.00370061    0.0106695
      1.04018  5.90503e+09     0.754698     0.415148      1.25171   0.00649970   0.00357538    0.0107801
      1.03143  5.93943e+09     0.752529     0.443901      1.23586   0.00644727   0.00380311    0.0105882
      1.02276  5.97382e+09     0.754004     0.433000      1.25024   0.00642602   0.00369026    0.0106552
      1.01418  6.00820e+09     0.771270     0.450572      1.26599   0.00653927   0.00382021    0.0107338
      1.00567  6.04257e+09     0.780243     0.447009      1.29890   0.00658056   0.00377007    0.0109549
     0.997231  6.07694e+09     0.780062     0.443102      1.27388   0.00654608   0.00371840    0.0106901
     0.988870  6.11131e+09     0.783637     0.440702      1.27210   0.00654439   0.00368044    0.0106237
     0.980584  6.14566e+09     0.785505     0.452509      1.28650   0.00652778   0.00376048    0.0106912
     0.972370  6.18001e+09     0.771776     0.450089      1.29895   0.00638270   0.00372230    0.0107425
     0.964227  6.21436e+09     0.791510     0.445068      1.29802   0.00651251   0.00366200    0.0106801
     0.956154  6.24870e+09     0.783753     0.451968      1.28686   0.00641740   0.00370073    0.0105369
     0.948151  6.28303e+09     0.791386     0.450805      1.31343   0.00644969   0.00367400    0.0107043
     0.940217  6.31735e+09     0.802161     0.460170      1.33682   0.00650826   0.00373355    0.0108462
     0.932349  6.35167e+09     0.801275     0.450633      1.30023   0.00647249   0.00364009    0.0105029
     0.924548  6.38599e+09     0.798244     0.447538      1.31587   0.00642086   0.00359988    0.0105845
     0.916812  6.42029e+09     0.808161     0.462232      1.29956   0.00647302   0.00370228    0.0104089
     0.909141  6.45459e+09     0.818746     0.457512      1.32055   0.00652969   0.00364877    0.0105317
     0.901533  6.48888e+09     0.809543     0.478680      1.33398   0.00642872   0.00380128    0.0105934
     0.893988  6.52317e+09     0.818893     0.477890      1.35390   0.00647608   0.00377932    0.0107071
     0.886504  6.55745e+09     0.830822     0.474378      1.33979   0.00654520   0.00373714    0.0105548
     0.879081  6.59173e+09     0.811567     0.469181      1.34662   0.00637016   0.00368270    0.0105699
     0.871719  6.62600e+09     0.837891     0.464813      1.37184   0.00655439   0.00363600    0.0107312
     0.864415  6.66026e+09     0.853244     0.486638      1.34133   0.00665150   0.00379361    0.0104564
     0.857170  6.69451e+09     0.832008     0.469071      1.37109   0.00646297   0.00364371    0.0106505
     0.849982  6.72876e+09     0.832120     0.475475      1.35815   0.00644141   0.00368064    0.0105134
     0.842851  6.76300e+09     0.854826     0.488901      1.38394   0.00659279   0.00377062    0.0106736
     0.835776  6.79724e+09     0.846620     0.495939      1.36204   0.00650669   0.00381153    0.0104680
     0.828756  6.83147e+09     0.849679     0.477249      1.38305   0.00650895   0.00365596    0.0105949
     0.821791  6.86569e+09     0.862818     0.484665      1.36908   0.00658518   0.00369904    0.0104491
     0.814879  6.89991e+09     0.847218     0.479211      1.37931   0.00644121   0.00364334    0.0104866
     0.808021  6.93412e+09     0.871381     0.497124      1.42756   0.00659915   0.00376482    0.0108112
     0.801215  6.96833e+09     0.865077     0.488589      1.38708   0.00652487   0.00368519    0.0104621
     0.794460  7.00253e+09     0.877291     0.488565      1.39773   0.00659103   0.00367056    0.0105011
     0.787756  7.03672e+09     0.849033     0.491614      1.39980   0.00635273   0.00367841    0.0104738
     0.781103  7.07090e+09     0.848843     0.481075      1.36613   0.00632583   0.00358512    0.0101808
     0.774499  7.10508e+09     0.872091     0.494123      1.40483   0.00647313   0.00366765    0.0104274
     0.767944  7.13925e+09     0.851677     0.462022      1.38694   0.00629501   0.00341495    0.0102513
     0.761437  7.17342e+09     0.868695     0.496693      1.41141   0.00639314   0.00365540    0.0103873
     0.754979  7.20758e+09     0.875687     0.507810      1.38321   0.00641584   0.00372054    0.0101343
     0.748567  7.24173e+09     0.885646     0.498598      1.41724   0.00645917   0.00363637    0.0103362
     0.742202  7.27588e+09     0.887267     0.510220      1.42950   0.00643862   0.00370251    0.0103734
     0.735882  7.31002e+09     0.864206     0.494728      1.40805   0.00623325   0.00356832    0.0101558
     0.729608  7.34416e+09     0.905203     0.527365      1.45042   0.00649830   0.00378586    0.0104123
     0.723379  7.37829e+09     0.883025     0.499930      1.41542   0.00631196   0.00357355    0.0101176
     0.717194  7.41241e+09     0.903856     0.502089      1.44852   0.00643475   0.00357448    0.0103124
     0.711053  7.44652e+09     0.908279     0.504471      1.40846   0.00644054   0.00357717   0.00998729
     0.704955  7.48063e+09     0.905086     0.500983      1.43249   0.00639214   0.00353818    0.0101169
     0.698900  7.51474e+09     0.913426     0.521339      1.44906   0.00642631   0.00366783    0.0101947
     0.692886  7.54883e+09     0.892538     0.495081      1.39627   0.00625570   0.00346997   0.00978634
     0.686914  7.58292e+09     0.900188     0.510316      1.42897   0.00628529   0.00356312   0.00997732
     0.680983  7.61701e+09     0.914774     0.500648      1.46308   0.00636285   0.00348233    0.0101767
     0.675093  7.65109e+09     0.898917     0.521044      1.44092   0.00622888   0.00361048   0.00998459
     0.669243  7.68516e+09     0.900511     0.501310      1.44436   0.00621638   0.00346062   0.00997062
     0.663432  7.71922e+09     0.910689     0.497092      1.43161   0.00626263   0.00341840   0.00984491
     0.657661  7.75328e+09     0.909322     0.505988      1.45861   0.00622906   0.00346613   0.00999177
     0.651928  7.78734e+09     0.908702     0.517495      1.46463   0.00620049   0.00353111   0.00999385
     0.646234  7.82138e+09     0.918791     0.525368      1.45957   0.00624348   0.00357004   0.00991821
     0.640577  7.85542e+09     0.914314     0.516727      1.48773   0.00618715   0.00349668    0.0100675
     0.634958  7.88946e+09     0.893085     0.502800      1.45917   0.00601634   0.00338715   0.00982985
     0.629375  7.92349e+09     0.906712     0.509342      1.46437   0.00608247   0.00341681   0.00982338
     0.623829  7.95751e+09     0.903483     0.517734      1.42885   0.00603779   0.00345991   0.00954870
     0.618319  7.99152e+09     0.932089     0.523452      1.48771   0.00620573   0.00348508   0.00990497
     0.612845  8.02553e+09     0.927200     0.541351      1.45957   0.00614986   0.00359063   0.00968094
     0.607406  8.05954e+09     0.895518     0.495466      1.45854   0.00591770   0.00327411   0.00963820
     0.602002  8.09353e+09     0.916556     0.526129      1.47274   0.00603467   0.00346407   0.00969662
     0.596632  8.12752e+09     0.934088     0.526577      1.47360   0.00612705   0.00345403   0.00966594
     0.591296  8.16151e+09     0.931980     0.528192      1.47492   0.00608971   0.00345129   0.00963737
     0.585994  8.19549e+09     0.918173     0.518869      1.47840   0.00597683   0.00337757   0.00962363
     0.580725  8.22946e+09     0.900933     0.512405      1.48511   0.00584182   0.00332253   0.00962976
     0.575489  8.26343e+09     0.920762     0.518509      1.46696   0.00594797   0.00334948   0.00947630
     0.570286  8.29739e+09     0.920991     0.530635      1.50235   0.00592713   0.00341495   0.00966850
     0.565115  8.33134e+09     0.938824     0.534312      1.50175   0.00601794   0.00342498   0.00962631
     0.559976  8.36529e+09     0.918341     0.525857      1.48075   0.00586403   0.00335783   0.00945527
     0.554868  8.39923e+09     0.934258     0.530252      1.48466   0.00594280   0.00337292   0.00944387
     0.549791  8.43317e+09     0.917104     0.534778      1.48952   0.00581138   0.00338871   0.00943863
     0.544746  8.46710e+09     0.922695     0.506566      1.50069   0.00582191   0.00319627   0.00946889
     0.539730  8.50102e+09     0.941532     0.530354      1.52952   0.00591649   0.00333269   0.00961135
     0.534745  8.53494e+09     0.929971     0.522697      1.47885   0.00582167   0.00327211   0.00925767
     0.529790  8.56885e+09     0.934306     0.518607      1.47877   0.00582766   0.00323477   0.00922372
     0.524864  8.60276e+09     0.915193     0.535340      1.51971   0.00568879   0.00332764   0.00944642
     0.519968  8.63666e+09     0.923520     0.539499      1.44936   0.00572053   0.00334180   0.00897771
     0.515100  8.67055e+09     0.944532     0.517507      1.53083   0.00583032   0.00319442   0.00944934
     0.510261  8.70444e+09     0.934372     0.534941      1.50631   0.00574724   0.00329038   0.00926516
     0.505451  8.73832e+09     0.936966     0.533570      1.47386   0.00574356   0.00327076   0.00903470
     0.500668  8.77220e+09     0.951758     0.523371      1.50823   0.00581538   0.00319787   0.00921552
     0.495913  8.80607e+09     0.940396     0.528894      1.52315   0.00572775   0.00322138   0.00927719
     0.491186  8.83993e+09     0.943996     0.526266      1.52568   0.00573088   0.00319489   0.00926218
     0.486485  8.87379e+09     0.939685     0.521510      1.50386   0.00568672   0.00315604   0.00910094
     0.481812  8.90764e+09     0.953863     0.535964      1.51419   0.00575404   0.00323312   0.00913415
     0.477165  8.94149e+09     0.956288     0.534149      1.51735   0.00575057   0.00321207   0.00912450
     0.472545  8.97533e+09     0.939956     0.523674      1.52716   0.00563468   0.00313923   0.00915477
     0.467950  9.00916e+09     0.950579     0.538760      1.52211   0.00568092   0.00321977   0.00909653
     0.463382  9.04299e+09     0.942551     0.538929      1.52079   0.00561541   0.00321076   0.00906036
     0.458839  9.07681e+09     0.930685     0.521458      1.50988   0.00552718   0.00309685   0.00896690
     0.454321  9.11063e+09     0.938031     0.530752      1.55949   0.00555234   0.00314159   0.00923084
     0.449828  9.14444e+09     0.952516     0.526075      1.52420   0.00561939   0.00310359   0.00899208
     0.445360  9.17825e+09     0.954560     0.545691      1.51366   0.00561285   0.00320869   0.00890040
     0.440917  9.21205e+09     0.929792     0.522778      1.52198   0.00544979   0.00306416   0.00892076
     0.436498  9.24584e+09     0.945389     0.526105      1.48933   0.00552361   0.00307386   0.00870167
     0.432103  9.27963e+09     0.944466     0.545650      1.55021   0.00550040   0.00317777   0.00902817
     0.427732  9.31341e+09     0.940823     0.532351      1.49523   0.00546156   0.00309035   0.00867997
     0.423384  9.34719e+09     0.960354     0.527484      1.55629   0.00555764   0.00305259   0.00900636
     0.419060  9.38096e+09     0.968884     0.552962      1.52897   0.00558966   0.00319014   0.00882090
     0.414759  9.41472e+09     0.939877     0.537843      1.53732   0.00540618   0.00309368   0.00884269
     0.410481  9.44848e+09     0.938226     0.529780      1.52298   0.00538036   0.00303809   0.00873370
     0.406226  9.48224e+09     0.934179     0.540821      1.50403   0.00534070   0.00309188   0.00859852
     0.401993  9.51599e+09     0.971341     0.535675      1.54847   0.00553674   0.00305340   0.00882643
     0.397782  9.54973e+09     0.957433     0.539555      1.51999   0.00544140   0.00306646   0.00863857
     0.393594  9.58347e+09     0.928895     0.526334      1.50895   0.00526397   0.00298269   0.00855109
     0.389427  9.61720e+09     0.951650     0.536176      1.54292   0.00537709   0.00302954   0.00871792
     0.385282  9.65092e+09     0.948144     0.523081      1.53875   0.00534190   0.00294707   0.00866943
     0.381159  9.68464e+09     0.956702     0.548693      1.52035   0.00537496   0.00308268   0.00854167
     0.377056  9.71836e+09     0.961061     0.543695      1.52087   0.00538402   0.00304587   0.00852016
     0.372975  9.75207e+09     0.958012     0.553218      1.52796   0.00535191   0.00309054   0.00853590
     0.368915  9.78577e+09     0.953004     0.539257      1.55963   0.00530880   0.00300398   0.00868806
     0.364876  9.81947e+09     0.963993     0.524679      1.51935   0.00535507   0.00291464   0.00844013
     0.360856  9.85316e+09     0.961349     0.551068      1.53542   0.00532553   0.00305272   0.00850570
     0.356858  9.88685e+09     0.950127     0.526759      1.55477   0.00524908   0.00291014   0.00858948
     0.352879  9.92053e+09     0.957279     0.537172      1.53701   0.00527368   0.00295930   0.00846742
     0.348920  9.95421e+09     0.967449     0.532597      1.53468   0.00531528   0.00292615   0.00843172
     0.344981  9.98788e+09     0.936661     0.528908      1.50557   0.00513224   0.00289805   0.00824945
     0.341062  1.00215e+10     0.941035     0.525259      1.55046   0.00514234   0.00287031   0.00847258
     0.337162  1.00552e+10     0.953891     0.544877      1.52723   0.00519888   0.00296968   0.00832368
     0.333282  1.00889e+10     0.944381     0.519266      1.58540   0.00513385   0.00282284   0.00861855
     0.329420  1.01225e+10     0.959495     0.535728      1.53464   0.00520264   0.00290486   0.00832123
     0.325577  1.01562e+10     0.934833     0.522971      1.53262   0.00505595   0.00282844   0.00828904
     0.321753  1.01898e+10     0.943516     0.550018      1.55030   0.00508991   0.00296714   0.00836330
     0.317948  1.02234e+10     0.981686     0.559137      1.54371   0.00528234   0.00300865   0.00830654
     0.314161  1.02571e+10     0.968580     0.539563      1.55745   0.00519887   0.00289611   0.00835964
     0.310392  1.02907e+10     0.933914     0.526989      1.53360   0.00500011   0.00282146   0.00821078
     0.306642  1.03243e+10     0.958108     0.538614      1.52611   0.00511668   0.00287641   0.00815002
     0.302909  1.03579e+10     0.965495     0.538093      1.54982   0.00514342   0.00286655   0.00825626
     0.299194  1.03915e+10     0.959569     0.537050      1.55534   0.00509927   0.00285395   0.00826527
     0.295497  1.04251e+10     0.970063     0.527649      1.56237   0.00514208   0.00279695   0.00828179
     0.291817  1.04587e+10     0.948426     0.544973      1.53576   0.00501481   0.00288155   0.00812034
     0.288155  1.04923e+10     0.942670     0.542403      1.54874   0.00497191   0.00286079   0.00816849
     0.284509  1.05259e+10     0.973032     0.548747      1.55872   0.00511954   0.00288720   0.00820110
     0.280881  1.05595e+10     0.950323     0.525572      1.50796   0.00498761   0.00275838   0.00791426
     0.277270  1.05931e+10     0.965143     0.545756      1.55614   0.00505311   0.00285736   0.00814732
     0.273675  1.06266e+10     0.973146     0.528700      1.53181   0.00508266   0.00276135   0.00800052
     0.270097  1.06602e+10     0.985973     0.532071      1.53114   0.00513721   0.00277225   0.00797767
     0.266536  1.06938e+10     0.952614     0.533475      1.55829   0.00495142   0.00277286   0.00809954
     0.262991  1.07273e+10     0.978099     0.538374      1.52263   0.00507166   0.00279159   0.00789517
     0.259462  1.07609e+10     0.972697     0.554178      1.53835   0.00503153   0.00286663   0.00795754
     0.255949  1.07944e+10     0.957913     0.538779      1.53177   0.00494291   0.00278015   0.00790409
     0.252452  1.08279e+10     0.963717     0.520176      1.54793   0.00496012   0.00267727   0.00796699
     0.248971  1.08615e+10     0.972892     0.543635      1.57578   0.00499484   0.00279103   0.00809009
     0.245506  1.08950e+10     0.955609     0.539490      1.53188   0.00489442   0.00276315   0.00784597
     0.242056  1.09285e+10     0.935955     0.529239      1.50806   0.00478183   0.00270390   0.00770475
     0.238622  1.09621e+10     0.958961     0.550478      1.55374   0.00488665   0.00280511   0.00791752
     0.235203  1.09956e+10     0.965909     0.536869      1.55977   0.00491012   0.00272913   0.00792896
     0.231799  1.10291e+10     0.947842     0.522813      1.54269   0.00480717   0.00265155   0.00782409
     0.228410  1.10626e+10     0.986144     0.560872      1.56612   0.00499048   0.00283835   0.00792550
     0.225036  1.10961e+10     0.990862     0.562229      1.54926   0.00500341   0.00283900   0.00782306
     0.221677  1.11296e+10     0.956359     0.529717      1.54619   0.00481839   0.00266885   0.00779011
     0.218333  1.11631e+10     0.961317     0.558927      1.56556   0.00483230   0.00280959   0.00786968
     0.215003  1.11966e+10     0.961682     0.532916      1.53079   0.00482311   0.00267272   0.00767735
     0.211688  1.12301e+10     0.964809     0.540493      1.56282   0.00482777   0.00270455   0.00782014
     0.208387  1.12635e+10     0.956225     0.531484      1.56230   0.00477393   0.00265342   0.00779973
     0.205101  1.12970e+10     0.935785     0.533504      1.54355   0.00466130   0.00265747   0.00768867
     0.201829  1.13305e+10     0.961023     0.540618      1.55283   0.00477671   0.00268712   0.00771827
     0.198570  1.13639e+10     0.961635     0.538708      1.57255   0.00476923   0.00267172   0.00779906
     0.195326  1.13974e+10     0.934145     0.528564      1.54404   0.00462299   0.00261581   0.00764127
     0.192095  1.14309e+10     0.972205     0.554488      1.56996   0.00480078   0.00273809   0.00775253
     0.188878  1.14643e+10     0.966848     0.529461      1.55094   0.00476388   0.00260878   0.00764183
     0.185675  1.14977e+10     0.961408     0.530042      1.52354   0.00472699   0.00260608   0.00749084
     0.182485  1.15312e+10     0.969005     0.537035      1.54822   0.00475396   0.00263471   0.00759562
     0.179309  1.15646e+10     0.969750     0.554558      1.57203   0.00474753   0.00271491   0.00769609
     0.176146  1.15981e+10     0.952125     0.535590      1.55492   0.00465113   0.00261635   0.00759576
     0.172996  1.16315e+10     0.965971     0.546546      1.55080   0.00470880   0.00266424   0.00755964
     0.169860  1.16649e+10     0.945756     0.535234      1.57447   0.00460082   0.00260376   0.00765935
     0.166736  1.16983e+10     0.982917     0.552382      1.60034   0.00477128   0.00268137   0.00776835
     0.163625  1.17317e+10     0.959171     0.525285      1.51893   0.00464624   0.00254449   0.00735773
     0.160527  1.17651e+10     0.959114     0.534903      1.57507   0.00463571   0.00258536   0.00761283
     0.157442  1.17985e+10     0.966310     0.553177      1.54387   0.00466047   0.00266795   0.00744604
     0.154370  1.18319e+10     0.944535     0.552095      1.56418   0.00454621   0.00265733   0.00752868
     0.151310  1.18653e+10     0.973162     0.539932      1.56941   0.00467398   0.00259323   0.00753770
     0.148262  1.18987e+10     0.962688     0.516193      1.53425   0.00461407   0.00247406   0.00735349
     0.145227  1.19321e+10     0.982739     0.531053      1.58675   0.00470014   0.00253986   0.00758895
     0.142204  1.19655e+10     0.957052     0.540699      1.51931   0.00456730   0.00258035   0.00725053
     0.139193  1.19989e+10     0.976093     0.546045      1.57396   0.00464828   0.00260034   0.00749540
     0.136195  1.20323e+10     0.964981     0.540332      1.58589   0.00458484   0.00256724   0.00753492
     0.133208  1.20656e+10     0.967563     0.548111      1.54496   0.00458687   0.00259840   0.00732412
     0.130234  1.20990e+10     0.981924     0.539029      1.58931   0.00464459   0.00254966   0.00751757
     0.127271  1.21323e+10     0.956679     0.551031      1.55261   0.00451514   0.00260064   0.00732769
     0.124320  1.21657e+10     0.947177     0.522463      1.54021   0.00446037   0.00246034   0.00725304
     0.121380  1.21991e+10     0.966524     0.553794      1.57417   0.00454062   0.00260166   0.00739528
     0.118452  1.22324e+10     0.996846     0.569429      1.56275   0.00467273   0.00266920   0.00732540
     0.115536  1.22657e+10     0.967073     0.550576      1.56407   0.00452343   0.00257529   0.00731587
     0.112631  1.22991e+10     0.959947     0.526256      1.54889   0.00448045   0.00245624   0.00722928
     0.109738  1.23324e+10     0.965459     0.534704      1.57199   0.00449653   0.00249033   0.00732139
     0.106856  1.23658e+10     0.963599     0.530403      1.56219   0.00447802   0.00246488   0.00725976
     0.103985  1.23991e+10     0.983178     0.563100      1.57628   0.00455898   0.00261109   0.00730919
     0.101125  1.24324e+10     0.969547     0.535300      1.54485   0.00448569   0.00247661   0.00714736
    0.0982758  1.24657e+10     0.965657     0.526082      1.56052   0.00445714   0.00242821   0.00720281
    0.0954379  1.24990e+10     0.948128     0.531520      1.57330   0.00436645   0.00244783   0.00724559
    0.0926109  1.25323e+10     0.964794     0.543925      1.56188   0.00443326   0.00249935   0.00717690
    0.0897948  1.25656e+10     0.985253     0.545280      1.59406   0.00451743   0.00250013   0.00730883
    0.0869893  1.25990e+10     0.936313     0.553395      1.55134   0.00428346   0.00253168   0.00709709
    0.0841946  1.26322e+10     0.967366     0.539262      1.58590   0.00441567   0.00246153   0.00723905
    0.0814104  1.26655e+10     0.994068     0.556816      1.58001   0.00452720   0.00253586   0.00719573
    0.0786368  1.26988e+10     0.967511     0.525954      1.55603   0.00439649   0.00239000   0.00707077
    0.0758736  1.27321e+10     0.987439     0.560589      1.57858   0.00447735   0.00254188   0.00715776
    0.0731208  1.27654e+10     0.975501     0.544113      1.56837   0.00441394   0.00246200   0.00709656
    0.0703784  1.27987e+10     0.984649     0.556811      1.58819   0.00444549   0.00251389   0.00717037
    0.0676462  1.28320e+10     0.980108     0.555291      1.56987   0.00441573   0.00250178   0.00707284
    0.0649242  1.28652e+10     0.974458     0.541192      1.58073   0.00438087   0.00243304   0.00710650
    0.0622123  1.28985e+10     0.973118     0.555515      1.56690   0.00436546   0.00249207   0.00702920
    0.0595104  1.29318e+10     0.997931     0.567467      1.58015   0.00446746   0.00254039   0.00707386
    0.0568186  1.29650e+10     0.962488     0.557434      1.58715   0.00429933   0.00249000   0.00708964
    0.0541367  1.29983e+10     0.959808     0.552010      1.54876   0.00427798   0.00246037   0.00690300
    0.0514646  1.30315e+10     0.951342     0.549673      1.58361   0.00423072   0.00244445   0.00704248
    0.0488023  1.30648e+10     0.966624     0.546672      1.57016   0.00428928   0.00242579   0.00696742
    0.0461498  1.30980e+10     0.964056     0.545354      1.59354   0.00426854   0.00241466   0.00705570
    0.0435069  1.31313e+10     0.981436     0.538828      1.56952   0.00433604   0.00238057   0.00693422
    0.0408736  1.31645e+10     0.954297     0.542286      1.57840   0.00420720   0.00239077   0.00695867
    0.0382499  1.31977e+10      1.00617     0.568748      1.60900   0.00442652   0.00250213   0.00707860
    0.0356357  1.32309e+10     0.968143     0.552281      1.57521   0.00425021   0.00242455   0.00691527
    0.0330309  1.32642e+10     0.982553     0.556374      1.60104   0.00430438   0.00243737   0.00701384
    0.0304355  1.32974e+10     0.983142     0.542641      1.58016   0.00429763   0.00237206   0.00690740
    0.0278493  1.33306e+10     0.970511     0.551678      1.58959   0.00423275   0.00240607   0.00693279
    0.0252724  1.33638e+10     0.936419     0.544771      1.57582   0.00407431   0.00237027   0.00685631
    0.0227048  1.33970e+10     0.975164     0.537410      1.58628   0.00423275   0.00233266   0.00688535
    0.0201462  1.34302e+10     0.967009     0.567804      1.62134   0.00418806   0.00245913   0.00702193
    0.0175967  1.34634e+10     0.951400     0.560460      1.57559   0.00411208   0.00242238   0.00680990
    0.0150563  1.34966e+10     0.972716     0.551959      1.58306   0.00419542   0.00238065   0.00682788
    0.0125248  1.35298e+10     0.966621     0.546400      1.59239   0.00416043   0.00235176   0.00685379
    0.0100022  1.35630e+10     0.966831     0.545064      1.61080   0.00415265   0.00234111   0.00691858
   0.00748853  1.35962e+10     0.945520     0.521773      1.57941   0.00405268   0.00223641   0.00676966
   0.00498362  1.36294e+10     0.972465     0.535326      1.57569   0.00415925   0.00228960   0.00673927
   0.00248746  1.36626e+10      1.00321     0.576755      1.60771   0.00428184   0.00246167   0.00686195
  1.44329e-15  1.36958e+10     0.974054     0.544817      1.59523   0.00414903   0.00232067   0.00679494
