# star name [Fe/H]  [Mg/Fe]  [Eu/Fe]
CS22166m016  0 -3.16 0 +0.66 0 +0.19
CS22172m029  0 -2.69 0 +0.54 0 +0.20
CS22182m033  0 -2.56 0 +0.39 0 +0.40
CS22182m047  0 -2.08 0 +0.46 0 +0.13
CS22183m031  0 -3.54 0 +0.80 0 +0.84
CS22185m007  0 -3.04 0 +0.54 0 -0.31
CS22186m002  0 -2.61 0 +0.33 0 +0.44
CS22186m023  0 -2.96 0 +0.33 0 -0.70
CS22191m029  0 -2.94 0 +0.48 0 +0.37
CS22875m029  0 -2.70 0 +0.42 0 +0.92
CS22877m001  0 -3.28 0 +0.38 0 -0.05
CS22877m015  0 -2.06 0 +0.47 0 +0.72
CS22879m029  0 -2.45 0 +0.46 0 +0.39
CS22879m103  0 -2.16 0 +0.63 0 +0.29
CS22881m036  0 -2.35 0 +0.47 0 +0.58
CS22882m001  0 -2.62 0 +0.34 0 +0.81
CS22883m037  0 -1.99 0 +0.45 0 +0.38
CS22886m012  0 -2.75 0 +0.46 0 +0.85
CS22886m044  0 -1.75 0 +0.39 0 +0.44
CS22888m047  0 -2.54 0 +0.26 0 +0.86
CS22890m024  0 -2.67 0 +0.32 0 +0.11
CS22891m200  0 -3.97 0 +0.88 0 -0.07
CS22891m209  0 -3.38 0 +0.61 0 -0.13
CS22892m052  0 -3.20 0 +0.58 0 +1.35
CS22896m015  0 -2.84 0 +0.47 0 +0.18
CS22896m055  0 -2.51 0 +0.32 0 +0.47
CS22896m110  0 -2.85 0 +0.64 0 +0.05
CS22896m136  0 -2.30 0 +0.49 0 +0.59
CS22897m008  0 -3.78 0 +0.53 0 -0.13
CS22937m072  0 -2.71 0 +0.55 0 -0.19
CS22940m070  0 -1.44 0 +0.52 0 +0.15
CS22940m121  0 -3.13 0 +0.62 0 +0.24
CS22941m017  0 -3.09 0 +0.58 0 +0.36
CS22942m011  0 -2.85 0 +0.56 0 +0.13
CS22942m035  0 -3.04 0 +0.45 0 -0.07
CS22943m132  0 -2.65 0 +0.59 0 +0.86
CS22945m017  0 -2.81 0 +0.42 0 +1.13
CS22945m024  0 -2.58 0 +0.46 0 +0.44
CS22945m028  0 -2.91 0 +0.57 0 +0.23
CS22945m056  0 -2.83 0 +0.33 0 +0.68
CS22945m058  0 -2.84 0 +0.38 0 +1.13
CS22947m187  0 -2.58 0 +0.62 0 +0.56
CS22951m059  0 -2.83 0 +0.60 0 +0.33
CS22951m077  0 -2.54 0 +0.47 0 -0.01
CS22953m003  0 -3.06 0 +0.55 0 +0.79
CS22954m015  0 -2.04 0 +0.46 0 +0.06
CS22955m110  0 -1.38 0 +0.46 0 +0.35
CS22955m174  0 -3.10 0 +0.51 0 +0.34
CS22956m102  0 -2.30 0 +0.32 0 +0.82
CS22956m114  0 -3.02 0 +0.55 0 -0.12
CS22957m013  0 -3.00 0 +0.44 0 -0.27
CS22957m026  0 -1.91 0 +0.39 0 +0.37
CS22957m036  0 -2.18 0 +0.43 0 +0.55
CS22958m037  0 -2.51 0 +0.35 0 +0.51
CS22958m052  0 -2.52 0 +0.44 0 +1.00
CS22960m064  0 -2.77 0 +0.45 0 +0.35
CS22965m016  0 -3.03 0 +0.60 0 -0.24
CS22968m026  0 -2.45 0 +0.45 0 +0.58
CS29493m062  0 -2.67 0 +0.46 0 +0.31
CS29495m042  0 -2.36 0 +0.45 0 +0.25
CS29497m030  0 -2.52 0 +0.44 0 +1.70
CS29499m003  0 -2.43 0 +0.36 0 +0.63
CS29499m058  0 -2.71 0 +0.42 0 +0.44
CS29512m073  0 -2.02 0 +0.13 0 +0.36
CS29513m003  0 -2.46 0 +0.49 0 +0.49
CS29513m014  0 -2.32 0 +0.48 0 +0.24
CS29513m032  0 -1.88 0 +0.43 0 +0.55
CS29514m017  0 -2.34 0 +0.36 0 +0.08
CS29529m054  0 -2.65 0 +0.37 0 +0.90
CS30312m044  0 -3.21 0 +0.51 0 +0.28
CS30312m059  0 -3.33 0 +0.67 0 +0.26
CS30312m100  0 -2.69 0 +0.34 0 -0.19
CS30314m067  0 -3.16 0 +0.69 0 -0.62
CS30339m052  0 -2.68 0 +0.49 0 +0.55
CS30492m110  0 -3.21 0 +0.49 0 +0.16
CS30494m003  0 -2.97 0 +0.44 0 +0.02
CS31082m001  0 -3.06 0 +0.72 0 +1.37
BDm206008    0 -3.02 0 +0.48 0 -0.06
BDm185550    0 -3.17 0 +0.48 0 -0.46
BDm155781    0 -2.90 0 +0.49 0 +0.07
BDm012582    0 -2.63 0 +0.64 0 +0.38
BDp102495    0 -2.15 0 +0.37 0 +0.28
BDp191185A   0 -1.25 0 +0.29 0 +0.38
BDp292356    0 -1.68 0 +0.41 0 +0.37
CDm361052    0 -1.87 0 +0.38 0 +0.38
CDm241782    0 -3.04 0 +0.51 0 -0.24
G009m027     0 -1.80 0 +0.42 0 +0.28
G015m010     0 -2.54 0 +0.40 0 +0.33
G026m001     0 -2.01 0 +0.42 0 +0.25
G071m055     0 -1.94 0 +0.39 0 +0.27
G088m023     0 -1.94 0 +0.42 0 +0.59
G090m003     0 -2.32 0 +0.40 0 -0.05
G090m025     0 -2.04 0 +0.36 0 +0.07
G126m062     0 -1.75 0 +0.44 0 +0.35
G146m076     0 -2.10 0 +0.41 0 +0.18
G153m064     0 -1.08 0 +0.37 0 +0.20
G161m073     0 -1.25 0 +0.23 0 +0.03
G170m047     0 -2.92 0 +0.44 0 -0.10
G188m022     0 -1.47 0 +0.41 0 +0.12
G190m010     0 -1.94 0 +0.35 0 +0.15
G201m044     0 -1.67 0 +0.32 0 +0.24
G214m001     0 -2.29 0 +0.42 0 +0.56
G234m028     0 -1.79 0 +0.32 0 +0.36
G238m032     0 -1.58 0 +0.26 0 +0.47
HD6268       0 -2.75 0 +0.51 0 +0.31
HD11582      0 -1.94 0 +0.45 0 +0.43
HD13979      0 -2.85 0 +0.48 0 -0.29
HD16031      0 -1.96 0 +0.43 0 -0.01
HD19445      0 -2.34 0 +0.45 0 +0.09
HD21581      0 -1.76 0 +0.43 0 +0.33
HD26169      0 -2.80 0 +0.63 0 -0.13
HD26297      0 -1.85 0 +0.46 0 -0.10
HD31128      0 -1.90 0 +0.47 0 +0.18
HD45282      0 -1.66 0 +0.31 0 +0.51
HD88609      0 -3.19 0 +0.54 0 -0.72
HD94028      0 -1.79 0 +0.46 0 +0.13
HD106373     0 -2.60 0 +0.40 0 +0.42
HD108317     0 -2.61 0 +0.52 0 +0.30
HD119516     0 -1.94 0 +0.30 0 +0.45
HD122196     0 -1.88 0 +0.25 0 +0.03
HD122563     0 -2.95 0 +0.49 0 -0.84
HD126238     0 -2.00 0 +0.42 0 -0.00
HD126587     0 -3.25 0 +0.66 0 +0.16
HD128279     0 -2.58 0 +0.49 0 -0.16
HD132475     0 -1.73 0 +0.47 0 +0.13
HD175305     0 -1.59 0 +0.35 0 +0.40
HD175606     0 -2.32 0 +0.42 0 +0.14
HD178443     0 -2.00 0 +0.54 0 +0.28
HD184266     0 -1.75 0 +0.48 0 +0.29
HD186478     0 -2.76 0 +0.61 0 +0.25
HD188510     0 -1.88 0 +0.29 0 +0.17
HD193901     0 -1.29 0 +0.25 0 +0.37
HD196892     0 -1.31 0 +0.43 0 +0.14
HD196944     0 -2.39 0 +0.53 0 +0.12
HD201891     0 -1.21 0 +0.31 0 +0.17
HD214362     0 -2.05 0 +0.44 0 +0.38
HD219617     0 -1.79 0 +0.36 0 +0.36
HD220127     0 -1.77 0 +0.40 0 +0.28
HD237846     0 -3.17 0 +0.42 0 -0.42
HE1320m1339  0 -3.06 0 +0.47 0 -0.21
