#
# NOTES:
# Roederer 14 have some new abundances I haven't included
#
#Ref  Star  [Fe/H]  [Mg/Fe]  [Eu/Fe]
1 HIP171    -1.00    +0.55    +0.34
2     70		-0.35	-0.02	 0.08
2    153		-0.11	 0.06	 0.01
2    330		-0.27	 0.07	 0.00
2    912		-0.26	 0.09	 0.01
2   3079		-0.19	-0.03	-0.06
2   3440		-0.36	 0.10	-0.02
2   3454		-0.58	 0.11	 0.21
2   3532		-0.35	 0.11	 0.04
2   5065		-0.18	 0.06	 0.16
2   6250		-0.15	 0.05	 0.07
2   6312		-0.32	 0.00	 0.09
2   8671		-0.16	 0.03	 0.03
2   9091		-0.35	 0.10	 0.00
2   9670		-0.28	 0.11	 0.13
2  11007		-0.31	 0.05	 0.16
2  11045		-0.39	 0.19	 0.14
2  14877		-0.42	 0.09	-0.03
2  15398		-0.01	 0.02	-0.03
2  16067		-0.12	 0.06	 0.02
2  20427		-0.52	 0.12	-0.09
2  22255		-0.28	 0.10	 0.08
2  22521		-0.25	 0.09	 0.17
2  22718		-0.19	 0.09	-0.01
2  23438		-0.36	 0.07	 0.14
2  24421		-0.38	 0.04	 0.09
2  26421		-0.39	 0.12	 0.08
2  27816		-0.54	 0.14	 0.07
2  36066		-0.01	 0.11	 0.03
2  36667		-0.45	 0.14	 0.14
2  45067		-0.12	 0.07	-0.03
2  52711		-0.20	 0.06	 0.08
2  59360		-0.21	 0.06	 0.07
2  63333		-0.38	 0.05	 0.05
2  69897		-0.25	 0.10	 0.05
2  71148		-0.08	 0.04	 0.01
2  73400		-0.21	 0.10	 0.16
2  80218		-0.28	 0.11	 0.05
2  86884		-0.28	 0.08	 0.12
2  87838		-0.43	 0.14	 0.21
2  88446		-0.35	 0.15	 0.24
2  89010		-0.06	 0.04	 0.15
2  91638		-0.25	 0.09	 0.13
2  97037		-0.14	 0.06	 0.09
2  99126		-0.15	 0.11	 0.12
2 100067		-0.31	 0.07	 0.18
2 101472		-0.15	-0.02	-0.02
2 101676		-0.46	 0.17	 0.09
2 101716		-0.18	 0.13	-0.03
2 102080		-0.36	 0.05	 0.04
2 103891		-0.25	 0.06	 0.07
2 106510		-0.46	 0.10	 0.09
2 107038		-0.39	 0.09	 0.06
2 108134		-0.38	 0.03	-0.06
2 109154		-0.42	 0.07	 0.15
2 109303		-0.44	 0.07	 0.23
2 112756		-0.35	 0.10	 0.24
2 112887		-0.32	 0.11	 0.14
2 126053		-0.41	 0.04	 0.32
2 130253		-0.23	 0.08	-0.06
2 133641		-0.42	 0.06	 0.06
2 139457		-0.49	 0.08	 0.07
2 140750		-0.37	-0.05	 0.19
2 152986		-0.17	 0.03	-0.01
2 160078		-0.14	 0.02	 0.05
2 186379		-0.39	 0.08	 0.22
2 198089		-0.30	 0.07	 0.24
2 201444		-0.63	 0.12	 0.29
2 201490		-0.23	 0.04	 0.04
2 201639		-0.54	 0.09	 0.24
2 202884		-0.24	 0.04	 0.24
2 204712		-0.48	 0.11	 0.18
2 206860		-0.12	-0.11	 0.12
2 209858		-0.27	 0.00	 0.16
2 210457		-0.27	 0.03	 0.09
2 210923		-0.21	 0.05	 0.02
2 212858		-0.39	 0.04	 0.10
2 214111		-0.14	 0.01	 0.09
2 214435		-0.31	 0.04	-0.06
2 214557		-0.05	 0.07	 0.25
2 215442		-0.22	 0.08	 0.03
2 216106		-0.33	 0.12	 0.02
2 216385		-0.16	 0.07	-0.02
2 217877		-0.18	 0.05	 0.01
2 218172		-0.21	 0.00	 0.11
2 219306		-0.31	 0.10	-0.04
2 219476		-0.54	 0.12	 0.10
2 219983		-0.20	 0.02	-0.02
2 220842		-0.31	 0.08	 0.17
2 222155		-0.29	 0.11	 0.25
2 223436		-0.04	 0.05	 0.11
2 223583		-0.48	 0.11	-0.05
2 224233		-0.24	 0.09	 0.21
2 225239		-0.53	 0.11	 0.14
3 HE0143m0441   -2.18    0.49    1.67
4 CS22175m007   -2.63    0.23    1.54
4 CS29491m069   -2.85    0.30    1.62
4 CS29497m004   -2.92    0.38    0.72
4 CS30315m029   -3.01    0.33    1.66
4 HD20   -1.53    0.17    0.85
4 HD221170   -2.51    0.24    0.33
4 HE0045m2430   -2.35    0.37    0.17
4 HE0051m2304   -1.95    0.23    0.62
4 HE0057m4541   -3.26    0.25    0.68
4 HE0105m6141   -2.94    0.35    -0.06
4 HE0111m1454   -3.03    0.37    1.62
4 HE0131m3953   -2.42    0.34    0.49
4 HE0202m2204   -2.03    0.22    0.73
4 HE0240m0807   -2.68    0.47    0.77
4 HE0300m0751   -2.77    0.62    0.65
4 HE0315p0000   -3.09    0.38    0.42
4 HE0328m1047   -2.7    0.35    0.60
4 HE0337m5127   -2.56    0.33    1.89
4 HE0338m3945   -2.83    -0.04    0.69
4 HE0341m4024   -2.03    0.29    1.16
4 HE0430m4901   -2.67    0.17    1.25
4 HE0432m0923   -2.47    0.32    0.52
4 HE0442m1234   -2.33    0.19    0.30
4 HE0501m5644   -2.35    0.29    0.37
4 HE0512m3835   -2.74    0.34    0.67
4 HE0516m3820   -2.47    0.24    0.49
4 HE0524m2055   -2.54    0.32    0.49
4 HE0534m4615   -1.96    0.22    0.51
4 HE0538m4515   -2.96    0.13    -0.01
4 HE0858m0016   -2.60    0.35    0.94
4 HE1044m2509   -2.37    0.47    1.81
4 HE1105p0027   -2.64    0.31    1.08
4 HE1127m1143   -2.66    0.23    0.87
4 HE1131p0141   -2.33    0.38    0.25
4 HE1132p0204   -2.48    0.20    0.33
4 HE1135p0139   -2.52    0.41    0.35
4 HE1212m0127   -2.11    0.13    0.49
4 HE1214m1819   -2.89    0.42    1.41
4 HE1219m0312   -3.31    0.80    0.60
4 HE1222m0200   -1.99    0.09    0.25
4 HE1225p0155   -3.35    0.50    0.22
4 HE1247m2114   -2.90    0.26    0.51
4 HE1256m0228   -2.83    0.26    0.53
4 HE1311m1412   -2.93    0.32    0.17
4 HE1314m3036   -2.73    0.25    0.16
4 HE1330m0607   -2.28    0.10    0.48
4 HE1332m0309   -2.60    0.37    0.72
4 HE1430p0053   -1.97    0.33    0.47
4 HE2134p0001   -3.19    0.36    -0.01
4 HE2143p0030   -2.33    0.37    0.21
4 HE2153m2719   -2.44    0.36    0.45
4 HE2154m2838   -1.80    0.18    0.68
4 HE2155p0136   -3.08    0.77    0.02
4 HE2158m3112   -2.74    0.36    0.62
4 HE2206m2245   -3.18    0.22    0.58
4 HE2216m1548   -1.65    0.17   -0.15
4 HE2217m0706   -2.68    0.42    1.05
4 HE2224p0143   -3.02    0.33    0.45
4 HE2229m4153   -2.15    0.28    0.56
4 HE2242m1930   -1.56    0.18    0.95
4 HE2244m1503   -2.17    0.31    0.53
4 HE2252m4157   -1.88    0.25    0.99
4 HE2252m4225   -2.24    0.22    0.98
4 HE2301m4024   -2.73    0.24    1.22
4 HE2327m5642   -1.78    0.29   -0.25
5 HIP3185      -0.65     0.40    0.60
5 HIP3441      -0.50     0.32    0.42
5 HIP4039      -1.24     0.30    0.88
5 HIP4544      -0.87     0.39    0.53
5 HIP5122      -0.62     0.26    0.40
5 HIP5315      -0.47     0.46    0.43
5 HIP5336      -0.86     0.24    0.34
5 HIP5775      -0.59     0.32    0.43
5 HIP6159      -0.67     0.33    0.46
5 HIP6607      -0.41     0.18    0.41
5 HIP7961      -0.64     0.35    0.28
5 HIP9080      -0.37     0.14    0.19
5 HIP10652      -0.67     0.24    0.39
5 HIP12579      -0.80     0.26    0.37
5 HIP13366      -0.70     0.37    0.29
5 HIP15405      -0.73     0.16    0.24
5 HIP17147      -0.87     0.44    0.42
5 HIP17666      -1.03     0.35    0.57
5 HIP22020      -0.35     0.24    0.21
5 HIP22060      -0.63     0.28    0.47
5 HIP23080      -0.32     0.24    0.40
5 HIP25860      -0.35     0.29    0.35
5 HIP26452      -0.89     0.33    0.41
5 HIP26828      -0.34     0.23    0.13
5 HIP27128      -0.81     0.33    0.40
5 HIP29269      -0.68     0.36    0.29
5 HIP31188      -0.59     0.12    0.17
5 HIP34642      -0.44     0.10    0.15
5 HIP35989      -0.19     -0.03    0.13
5 HIP36849      -0.77     0.27    0.39
5 HIP37233      -0.51     0.36    0.36
5 HIP38769      -0.79     0.34    0.26
5 HIP39893      -0.84     0.29    0.53
5 HIP40613      -0.62     0.39    0.24
5 HIP43393      -0.59     0.20    0.33
5 HIP44075      -0.86     0.27    0.35
5 HIP44347      -0.85     0.43    0.52
5 HIP44860      -0.51     0.37    0.39
5 HIP45947      -0.46     0.25    0.57
5 HIP50005      -0.53     0.30    0.42
5 HIP50671      -0.48     0.13    0.17
5 HIP50965      -0.57     0.26    0.34
5 HIP52673      -0.66     0.27    0.40
5 HIP58843      -0.79     0.28    0.44
5 HIP59233      -0.83     0.38    0.12
5 HIP59750      -0.74     0.32    0.32
5 HIP60268      -0.72     0.28    0.41
5 HIP60956      -0.58     0.22    0.44
5 HIP62240      -0.83     0.33    0.57
5 HIP64426      -0.71     0.33    0.21
5 HIP65449      -0.44     0.20    0.29
5 HIP70520      -0.62     0.28    0.28
5 HIP70681      -1.10     0.32    0.53
5 HIP71819      -0.14     0.06    0.03
5 HIP72407      -0.54     0.32    0.56
5 HIP72803      -0.73     0.34    0.42
5 HIP74033      -0.85     0.41    0.34
5 HIP74067      -0.75     0.31    0.48
5 HIP81748      -0.01     -0.03    0.04
5 HIP84781      -0.29     0.25    0.45
5 HIP84803      -0.52     0.31    0.25
5 HIP84862      -0.41     0.35    0.45
5 HIP85373      -0.82     0.18    0.71
5 HIP85378      -0.51     0.34    0.36
5 HIP85757      -0.70     0.36    0.09
5 HIP86013      -0.70     0.31    0.35
5 HIP86830      -0.59     0.35    0.25
5 HIP87533      -0.21     0.15    -0.06
5 HIP88039      -0.81     0.43    0.26
5 HIP88166      -0.76     0.34    0.52
5 HIP94129      -0.27     0.25    0.30
5 HIP96185      -0.56     0.22    0.20
5 HIP96902      -0.29     0.25    0.14
5 HIP98532      -1.13     0.34    0.31
5 HIP99224      -0.12     0.01    0.08
5 HIP104659      -1.07     0.35    0.27
5 HIP108056      0.14     0.09    -0.12
5 HIP109384      -0.38     0.30    0.34
5 HIP110291      -0.93     0.36    0.40
5 HIP111517      -0.45     0.31    0.36
5 HIP112811      -0.70     0.30    0.28
5 HIP113514      -0.63     0.29    0.43
5 HIP116421      -0.51     0.31    0.23
5 HIP117029      -0.77     0.33    0.25
5 HIP2909      -0.28     0.19    0.16
5 HIP14086      -0.65     0.39    0.39
5 HIP19696      -0.24     0.12    0.25
5 HIP26437      0.10     0.07    -0.08
5 HIP39616      -0.41     0.15    0.12
5 HIP40118      -0.47     0.21    0.38
5 HIP64924      -0.03     0.02    0.15
5 HIP73078      -0.11     0.15    -0.10
5 HIP74933      -0.39     0.11    0.24
5 HIP81681      -0.38     0.27    0.30
5 HIP84506      0.09     0.04    -0.11
5 HIP10449      -0.87     0.26    0.49
5 HIP28671      -1.01     0.14    0.42
5 HIP55592      -0.94     0.31    0.40
5 HIP62882      -0.98     0.26    0.12
5 HIP78640      -1.34     0.29    0.06
5 HIP80837      -0.80     0.36    0.29
5 HIP86321      -0.87     0.15    0.36
5 HIP86431      -0.54     0.24    0.30
5 HIP94449      -1.12     0.46    0.10
5 HIP100568      -0.99     0.20    0.41
5 HIP5163      -0.74     0.27    0.38
5 HIP8720      -0.74     0.40    0.45
5 HIP10711      -0.69     0.25    0.27
5 HIP12381      -0.16     0.17    0.14
5 HIP15126      -0.82     0.28    0.49
5 HIP15394      -0.27     0.26    0.09
5 HIP21227      -0.45     0.12    0.37
5 HIP21306      -0.65     0.23    0.29
5 HIP21703      0.15     -0.06    0.14
5 HIP21921      -0.41     0.21    0.47
5 HIP30990      -0.87     0.34    0.29
5 HIP33382      -0.05     0.07    0.08
5 HIP34511      -0.15     0.04    0.11
5 HIP35148      -0.30     0.17    0.08
5 HIP40023      -0.12     0.03    -0.05
5 HIP42734      -0.70     0.31    0.34
5 HIP47588      -0.47     0.28    0.26
5 HIP52015      -0.02     0.05    -0.03
5 HIP53535      0.11     -0.06    -0.16
5 HIP54196      -0.39     0.16    0.17
5 HIP62077      -0.59     0.31    0.36
5 HIP64103      -0.21     0.13    0.17
5 HIP74442      -0.23     0.16    0.07
5 HIP74443      -0.59     0.12    0.44
5 HIP80162      -0.66     0.06    0.41
5 HIP82265      0.09     0.17    0.22
5 HIP89583      -0.20     0.27    0.40
5 HIP90745      -0.50     0.36    0.22
5 HIP94615      0.20     -0.01    0.06
5 HIP99938      -0.54     0.30    0.37
5 HIP102081      0.09     0.20    -0.01
5 HIP107236      -0.50     0.29    0.42
5 HIP115721      -0.46     0.26    0.30
5 HIP20298      -0.84     0.42    0.29
5 HIP23922      -0.66     0.29    0.35
5 HIP26617      -0.75     0.23    0.39
5 HIP43595      -0.84     0.29    0.36
5 HIP48209      -0.65     0.21    0.35
5 HIP51477      -1.25     0.44    0.29
5 HIP60331      -0.64     0.22    0.58
5 HIP62507      -0.24     0.15    -0.05
5 HIP71019      -0.39     0.23    0.21
9 HD000245   -0.84    0.32    0.35
9 HD003765   0.01    0.02    0.03
9 HD005351   -0.21    0.09    0.08
9 HD006582   -0.94    0.37    0.41
9 HD013783   -0.75    0.41    0.39
9 HD018757   -0.25    0.35    0.22
9 HD022879   -0.77    0.42    0.41
9 HD065583   -0.67    0.22    0.41
9 HD110897   -0.45    0.25    0.29
9 HD135204   -0.16    0.23    0.20
9 HD152391   -0.08    0.06    0.12
9 HD157089   -0.56    0.29    0.37
9 HD157214   -0.29    0.13    0.21
9 HD159062   -0.40    0.28    0.29
9 HD165401   -0.36    0.26    0.27
9 HD190360   0.12    0.06    0.02
9 HD201889   -0.85    0.40    0.34
9 HD204521   -0.66    0.27    0.30
9 HD000166   0.16    -0.13    -0.09
9 HD001835   0.13    0.00    0.06
9 HD003651   0.15    -0.02    -0.08
9 HD004307   -0.18    0.06    0.12
9 HD004614   -0.24    0.10    0.08
9 HD005294   -0.17    0.08    0.01
9 HD006660   0.08    -0.02    -0.03
9 HD007590   -0.10    0.06    0.07
9 HD007924   -0.22    0.18    0.04
9 HD008648   0.12    0.00    -0.13
9 HD009407   0.05    0.01    -0.03
9 HD010086   0.13    -0.02    -0.08
9 HD010307   0.02    0.06    0.12
9 HD010476   -0.05    0.03    -0.06
9 HD010780   0.04    0.04    0.05
9 HD011007   -0.20    0.10    0.19
9 HD011373   0.08    -0.13    -0.01
9 HD012846   -0.24    0.14    0.16
9 HD013507   -0.02    -0.05    0.16
9 HD014374   -0.09    0.07    0.13
9 HD016160   -0.16    0.12    0.28
9 HD017674   -0.14    0.11    -0.02
9 HD017925   -0.04    0.04    0.08
9 HD018632   0.06    0.01    -0.04
9 HD018803   0.14    -0.04    -0.02
9 HD019373   0.06    -0.03    0.03
9 HD022049   -0.15    0.03    0.24
9 HD022484   -0.03    0.02    0.02
9 HD022556   -0.17    0.07    0.21
9 HD024053   0.04    -0.01    0.10
9 HD024238   -0.46    0.26    0.18
9 HD024496   -0.13    0.14    0.10
9 HD025665   0.01    -0.08    0.06
9 HD025680   0.05    -0.07    0.02
9 HD026923   -0.03    0.11    0.00
9 HD028005   0.23    0.15    -0.13
9 HD028447   -0.09    0.07    0.13
9 HD029150   0.00    0.09    0.04
9 HD029645   0.14    0.03    -0.10
9 HD030495   -0.05    0.06    0.07
9 HD033632   -0.24    0.12    0.18
9 HD034411   0.10    -0.01    -0.01
9 HD037008   -0.41    0.16    0.28
9 HD037394   0.09    -0.04    -0.02
9 HD038858   -0.23    0.11    0.15
9 HD039587   -0.03    0.07    -0.03
9 HD040616   -0.22    0.05    -0.04
9 HD041330   -0.18    0.04    0.22
9 HD041593   -0.04    -0.08    -0.07
9 HD042618   -0.07    0.07    0.09
9 HD042807   -0.03    0.03    0.05
9 HD043587   -0.11    0.08    0.15
9 HD043856   -0.19    0.07    0.18
9 HD043947   -0.24    0.12    0.20
9 HD045088   -0.21    0.14    0.13
9 HD047752   -0.05    -0.09    0.10
9 HD048682   0.05    0.03    -0.08
9 HD050692   -0.10    0.07    0.22
9 HD051419   -0.37    0.15    0.26
9 HD051866   0.00    0.08    0.02
9 HD053927   -0.22    -0.02    0.19
9 HD054371   0.06    0.07    0.03
9 HD055575   -0.31    0.21    0.20
9 HD058595   -0.31    0.07    0.20
9 HD059747   -0.04    0.05    0.02
9 HD061606   -0.12    -0.10    0.13
9 HD062613   -0.10    0.07    -0.06
9 HD063433   -0.06    0.02    0.03
9 HD064815   -0.33    0.31    0.32
9 HD065874   0.05    0.09    -0.11
9 HD066573   -0.53    0.23    0.32
9 HD068638   -0.24    0.05    0.08
9 HD070923   0.06    0.07    -0.12
9 HD071148   0.00    0.03    -0.06
9 HD072760   0.01    0.02    0.05
9 HD072905   -0.07    0.09    0.01
9 HD073344   0.08    0.08    -0.04
9 HD073667   -0.58    0.26    0.30
9 HD075732   0.25    0.12    -0.11
9 HD076151   0.05    0.06    -0.06
9 HD079969   -0.05    0.01    0.07
9 HD082106   -0.11    -0.03    -0.05
9 HD082443   -0.03    -0.02    0.12
9 HD087883   0.00    0.03    0.02
9 HD088072   0.00    -0.05    0.15
9 HD089251   -0.12    0.05    0.16
9 HD089269   -0.23    0.13    0.20
9 HD091347   -0.43    0.14    0.22
9 HD095128   0.01    0.07    0.00
9 HD097334   0.06    -0.01    -0.01
9 HD097658   -0.32    0.08    0.19
9 HD098630   0.22    0.09    -0.10
9 HD101177   -0.16    0.06    0.15
9 HD102870   0.13    0.08    -0.09
9 HD105631   0.16    -0.06    -0.04
9 HD107705   0.06    -0.10    -0.05
9 HD108954   -0.12    0.09    0.06
9 HD109358   -0.18    0.09    0.04
9 HD110463   -0.05    0.03    0.09
9 HD111395   0.10    -0.01    0.02
9 HD114710   0.07    -0.07    -0.03
9 HD115383   0.11    0.04    0.05
9 HD115675   0.02    -0.05    0.03
9 HD116443   -0.48    0.06    0.17
9 HD116956   0.08    -0.11    0.04
9 HD117043   0.21    0.02    -0.07
9 HD119802   -0.05    -0.04    -0.06
9 HD122064   0.07    0.01    0.07
9 HD124642   0.02    -0.12    0.10
9 HD125184   0.31    -0.05    -0.07
9 HD126053   -0.32    0.17    0.06
9 HD127506   -0.08    -0.07    0.08
9 HD128311   0.03    -0.01    0.04
9 HD130307   -0.25    0.08    0.20
9 HD130948   -0.05    0.02    0.07
9 HD131977   -0.24    0.12    0.18
9 HD135599   -0.12    0.00    0.11
9 HD139777   0.01    -0.01    -0.09
9 HD139813   0.00    0.01    0.12
9 HD140538   0.02    -0.02    0.12
9 HD141004   -0.02    0.10    0.11
9 HD141272   -0.06    0.04    0.08
9 HD142267   -0.37    0.10    0.19
9 HD145675   0.32    0.06    -0.03
9 HD146233   0.01    0.04    0.08
9 HD149661   -0.04    0.02    0.03
9 HD149806   0.25    -0.14    -0.08
9 HD151541   -0.22    0.05    0.26
9 HD153525   -0.04    -0.08    0.16
9 HD154345   -0.21    0.07    0.15
9 HD156668   -0.07    0.08    0.05
9 HD156985   -0.18    0.05    0.20
9 HD158633   -0.49    0.17    0.08
9 HD160346   -0.10    -0.01    0.04
9 HD161098   -0.27    0.07    0.26
9 HD164922   0.04    0.08    0.10
9 HD165173   -0.05    0.13    0.09
9 HD165341   -0.08    0.03    0.00
9 HD165908   -0.60    0.16    0.14
9 HD166620   -0.22    0.13    0.16
9 HD171314   0.07    -0.11    0.10
9 HD174080   0.04    -0.07    0.13
9 HD175742   -0.03    -0.12    0.05
9 HD176377   -0.17    0.04    0.14
9 HD176841   0.23    0.07    -0.09
9 HD178428   0.14    -0.06    0.03
9 HD180161   0.18    -0.10    -0.01
9 HD182488   0.07    0.05    -0.03
9 HD183341   -0.01    0.07    0.10
9 HD184385   0.12    -0.07    -0.02
9 HD185144   -0.33    0.01    0.17
9 HD185414   -0.04    0.05    0.04
9 HD186408   0.09    0.09    -0.05
9 HD186427   0.02    0.09    0.02
9 HD189087   -0.12    0.02    0.06
9 HD189733   -0.03    0.02    0.05
9 HD190007   0.16    -0.11    -0.04
9 HD190406   0.05    -0.02    -0.03
9 HD190470   0.11    0.00    0.01
9 HD190771   0.13    -0.07    -0.06
9 HD191533   -0.10    0.03    -0.06
9 HD191785   -0.12    0.31    0.14
9 HD195104   -0.19    0.16    0.03
9 HD197076   -0.17    0.07    0.21
9 HD200560   0.06    -0.03    -0.09
9 HD202108   -0.21    0.06    0.15
9 HD202575   -0.03    -0.07    0.10
9 HD203235   0.05    0.10    -0.01
9 HD205702   0.01    0.10    -0.02
9 HD208038   -0.08    -0.04    0.10
9 HD208313   -0.05    0.10    -0.03
9 HD208906   -0.80    0.23    0.34
9 HD210667   0.15    -0.10    -0.01
9 HD210752   -0.53    0.07    0.37
9 HD214683   -0.46    0.02    0.28
9 HD216259   -0.55    0.32    0.22
9 HD216520   -0.17    0.09    0.09
9 HD217014   0.14    0.06    -0.05
9 HD217813   0.03    -0.01    -0.01
9 HD218868   0.25    -0.10    -0.03
9 HD219538   -0.09    0.03    0.06
9 HD219623   0.04    -0.05    0.13
9 HD220140   -0.03    -0.18    0.00
9 HD220182   -0.03    0.05    0.10
9 HD220221   0.16    -0.08    -0.09
9 HD221851   -0.09    0.10    0.11
9 HD222143   0.09    -0.03    -0.02
9 HD224465   0.08    -0.05    0.04
9 HD263175   -0.16    0.02    0.23
9 BDp012063   -0.22    0.00    0.05
9 BDp124499   0.00    -0.12    0.24
9 HD013403   -0.31    0.10    0.15
9 HD019308   0.08    0.00    -0.04
9 HD023050   -0.36    0.21    0.25
9 HD030562   0.18    0.03    0.02
9 HD064606   -0.91    0.37    0.40
9 HD068017   -0.42    0.31    0.26
9 HD081809   -0.28    0.16    0.17
9 HD139323   0.19    0.05    0.10
9 HD139341   0.21    -0.02    0.13
9 HD144579   -0.70    0.37    0.24
9 HD159222   0.06    0.00    -0.07
9 HD159909   0.06    0.06    0.03
9 HD215704   0.07    0.04    0.02
9 HD218209   -0.43    0.19    0.27
9 HD221354   -0.06    0.31    0.08
9 HD004635   0.07    -0.02    0.00
9 HD010145   -0.01    0.13    0.15
9 HD012051   0.24    -0.09    -0.07
9 HD013974   -0.49    0.17    0.01
9 HD017660   0.17    -0.19    0.15
9 HD020165   -0.08    0.09    0.00
9 HD024206   -0.08    0.05    0.07
9 HD032147   0.13    -0.06    0.06
9 HD045067   -0.02    0.04    -0.04
9 HD084035   0.25    -0.22    -0.08
9 HD086728   0.22    -0.11    -0.10
9 HD117176   -0.03    0.07    0.07
9 HD117635   -0.46    0.21    0.30
9 HD154931   -0.10    0.14    -0.01
9 HD159482   -0.89    0.37    0.35
9 HD168009   -0.01    0.03    0.05
9 HD173701   0.18    0.00    -0.14
9 HD184499   -0.64    0.37    0.37
9 HD184768   -0.07    0.15    0.11
9 HD186104   0.05    0.06    0.09
9 HD219134   0.05    0.04    -0.11
10 HIP171   -1.00    0.55    0.34
10 HIP3086   -0.17    0.23    0.20
10 HIP5336   -0.98    0.47    0.51
10 HIP5445   -1.58    0.26    0.65
10 HIP5458   -1.04    0.45    0.56
10 HIP6710   -1.83    0.54    0.41
10 HIP11349   -0.29    0.21    0.30
10 HIP12306   -0.63    0.31    0.11
10 HIP13366   -0.77    0.36    0.28
10 HIP14086   -0.71    0.43    0.39
10 HIP15394   -0.30    0.23    0.03
10 HIP16214   -1.74    0.61    0.51
10 HIP18235   -0.72    0.38    0.34
10 HIP18995   -1.26    0.58    0.39
10 HIP19378   -1.73    0.45    0.03
10 HIP21767   -0.44    0.31    0.28
10 HIP22246   -0.38    0.41    0.57
10 HIP31639   -0.62    0.35    0.23
10 HIP34146   -0.40    0.10    0.15
10 HIP34548   -0.46    0.09    0.35
10 HIP36491   -0.93    0.35    0.31
10 HIP37335   -1.26    0.63    0.38
10 HIP38541   -1.79    0.29    0.06
10 HIP38625   -0.86    0.34    0.29
10 HIP40068   -2.05    -0.08    -1.04
10 HIP44116   -0.58    0.17    -0.04
10 HIP47640   -0.08    -0.02    0.01
10 HIP48146   -0.05    -0.08    0.20
10 HIP50139   -0.68    0.32    0.46
10 HIP53070   -1.55    0.53    0.33
10 HIP57265   -1.10    0.19    0.48
10 HIP57939   -1.46    0.29    0.72
10 HIP58229   -0.94    0.18    0.32
10 HIP59750   -0.78    0.39    0.21
10 HIP62747   -1.54    0.56    0.26
10 HIP62882   -1.26    0.50    0.27
10 HIP63970   -0.09    0.00    -0.06
10 HIP64115   -0.74    0.47    0.39
10 HIP64426   -0.82    0.43    0.26
10 HIP65268   -0.67    0.16    0.27
10 HIP66246   -1.91    0.44    0.54
10 HIP66509   -0.68    0.36    0.25
10 HIP66665   -0.97    0.49    0.08
10 HIP66815   -0.64    0.14    0.22
10 HIP68796   -0.52    0.09    0.20
10 HIP68807   -1.83    0.49    0.40
10 HIP71886   -0.40    0.12    0.28
10 HIP71887   -0.49    0.07    0.11
10 HIP71939   -0.37    0.10    0.16
10 HIP73960   -1.37    0.27    0.69
10 HIP74033   -0.78    0.34    0.30
10 HIP74067   -0.90    0.38    0.50
10 HIP74079   -0.83    0.34    0.31
10 HIP74234   -1.51    0.06    0.40
10 HIP74235   -1.57    0.07    0.30
10 HIP77946   -0.97    0.55    0.24
10 HIP78640   -1.48    0.41    0.44
10 HIP80837   -0.83    0.40    0.31
10 HIP81170   -1.26    0.41    0.50
10 HIP81461   -0.65    0.47    0.55
10 HIP85007   -0.50    0.13    -0.04
10 HIP85378   -0.64    0.43    0.44
10 HIP85757   -0.76    0.45    0.27
10 HIP86013   -0.82    0.39    0.37
10 HIP86431   -0.64    0.33    0.22
10 HIP88039   -0.96    0.42    0.42
10 HIP91058   -0.54    0.21    0.07
10 HIP92167   -1.47    0.35    0.48
10 HIP92532   -0.56    0.21    0.16
10 HIP92781   -0.75    0.37    0.37
10 HIP94449   -1.26    0.48    0.47
10 HIP96185   -0.58    0.38    0.29
10 HIP97023   -0.48    0.23    0.10
10 HIP97468   -1.71    0.57    0.27
10 HIP98532   -1.23    0.50    0.06
10 HIP99938   -0.74    0.44    0.41
10 HIP100568   -1.17    0.18    0.67
10 HIP101346   -0.65    0.20    0.09
10 HIP101382   -0.66    0.44    0.29
10 HIP104659   -1.12    0.38    0.24
10 HIP106947   -0.64    0.40    0.63
10 HIP109390   -1.34    0.50    0.39
10 HIP112796   -2.25    0.35    0.53
10 HIP115610   -0.63    0.50    0.42
10 HIP115949   -2.19    0.46    0.62
10 HIP38657   -0.63    0.24    0.40
10 HIP43393   -0.59    0.37    0.34
10 HIP103812   -0.56    0.27    0.25
10 HIP21921   -0.42    0.36    0.42
10 HIP2463   -2.51    0.51    0.12
10 HIP4343   -2.41    0.56    0.52
10 HIP4933   -2.58    0.44    0.68
10 HIP10497   -2.65    0.32    -0.09
10 HIP94196   -2.06    0.55    0.37
10 HIP97192   -2.58    0.63    0.48
10 CS22783055   -2.88    0.40    -0.12
10 CS22896154   -2.73    0.50    0.97
10 CS22898027   -2.35    0.09    2.04
10 CS22947187   -2.49    0.52    0.73
10 CS22953003   -2.82    0.27    0.72
10 HR33   -0.38    0.15    0.12
10 HR35   -0.10    -0.05    0.02
10 HR107   -0.37    0.20    0.15
10 HR140   0.05    -0.01    -0.16
10 HR235   -0.15    0.07    0.04
10 HR366   -0.32    0.08    0.15
10 HR368   -0.24    0.09    0.18
10 HR370   0.12    0.04    -0.11
10 HR573   -0.34    0.06    0.13
10 HR646   -0.32    0.13    0.13
10 HR740   -0.25    0.10    0.06
10 HR1010   -0.23    0.12    0.05
10 HR1083   -0.11    -0.06    0.03
10 HR1101   -0.11    0.09    0.06
10 HR1173   0.09    0.08    -0.02
10 HR1257   0.04    0.13    0.05
10 HR1536   0.14    0.20    0.01
10 HR1545   -0.33    0.34    -0.01
10 HR1673   -0.30    0.16    0.17
10 HR1687   0.26    0.06    -0.07
10 HR1983   -0.07    0.01    0.07
10 HR2233   -0.17    0.11    0.21
10 HR2354   0.13    0.08    -0.05
10 HR2548   -0.20    0.06    0.16
10 HR2835   -0.55    0.23    0.19
10 HR2883   -0.75    0.29    0.31
10 HR2906   -0.18    0.09    0.15
10 HR2943   -0.02    0.09    -0.04
10 HR3018   -0.78    0.38    0.40
10 HR3220   -0.26    0.18    0.18
10 HR3578   -0.82    0.35    0.42
10 HR4158   -0.24    0.05    0.17
10 HR4540   0.13    0.04    -0.02
10 HR4657   -0.70    0.34    0.24
10 HR4734   0.10    0.03    0.00
10 HR4903   0.24    0.12    -0.01
10 HR4989   -0.28    0.19    0.09
10 HR5338   -0.11    0.18    0.05
10 HR5542   0.13    0.01    0.02
10 HR5698   0.01    0.13    0.07
10 HR5723   -0.12    0.15    0.07
10 HR5996   0.23    0.10    -0.11
10 HR6189   -0.56    0.20    0.16
10 HR6409   0.09    0.12    0.04
10 HR6569   -0.27    0.19    0.13
10 HR6649   -0.34    0.08    0.13
10 HR6907   0.13    0.02    0.05
10 HR7126   0.21    -0.07    -0.11
10 HR7560   0.09    0.09    -0.01
10 HR7875   -0.44    0.12    0.18
10 HR8077   -0.07    0.08    0.05
10 HR8181   -0.67    0.14    0.12
10 HR8665   -0.32    0.15    0.20
10 HR8697   -0.25    0.13    0.12
10 HR8969   -0.17    0.17    0.22
10 HD6434   -0.54    0.32    0.35
10 HD17548   -0.59    0.15    0.11
10 HD51929   -0.64    0.32    0.31
10 HD78747   -0.64    0.34    0.34
10 HD130551   -0.62    0.18    0.17
10 HD165401   -0.46    0.36    0.21
10 HD188815   -0.58    0.20    0.14
10 HD199289   -1.03    0.40    0.26
10 HD210752   -0.64    0.16    0.09
10 HD215257   -0.65    0.10    0.18
10 HD218504   -0.62    0.29    0.23
10 HD70   -0.35    -0.02    0.08
10 HD153   -0.11    0.06    0.01
10 HD330   -0.27    0.07    0.00
10 HD912   -0.26    0.09    0.01
10 HD3079   -0.19    -0.03    -0.06
10 HD3440   -0.36    0.10    -0.02
10 HD3454   -0.58    0.11    0.21
10 HD3532   -0.35    0.11    0.04
10 HD5065   -0.18    0.06    0.16
10 HD6250   -0.15    0.05    0.07
10 HD6312   -0.32    0.00    0.09
10 HD8671   -0.16    0.03    0.03
10 HD9091   -0.35    0.10    0.00
10 HD9670   -0.28    0.11    0.13
10 HD11007   -0.31    0.05    0.16
10 HD11045   -0.39    0.19    0.14
10 HD14877   -0.42    0.09    -0.03
10 HD15398   -0.01    0.02    -0.03
10 HD16067   -0.12    0.06    0.02
10 HD20427   -0.52    0.12    -0.09
10 HD22255   -0.28    0.10    0.08
10 HD22521   -0.25    0.09    0.17
10 HD22718   -0.19    0.09    -0.01
10 HD23438   -0.36    0.07    0.14
10 HD24421   -0.38    0.04    0.09
10 HD26421   -0.39    0.12    0.08
10 HD27816   -0.54    0.14    0.07
10 HD36066   -0.01    0.11    0.03
10 HD36667   -0.45    0.14    0.14
10 HD45067   -0.12    0.07    -0.03
10 HD52711   -0.20    0.06    0.08
10 HD59360   -0.21    0.06    0.07
10 HD63333   -0.38    0.05    0.05
10 HD69897   -0.25    0.10    0.05
10 HD71148   -0.08    0.04    0.01
10 HD73400   -0.21    0.10    0.16
10 HD80218   -0.28    0.11    0.05
10 HD86884   -0.28    0.08    0.12
10 HD87838   -0.43    0.14    0.21
10 HD88446   -0.35    0.15    0.24
10 HD89010   -0.06    0.04    0.15
10 HD91638   -0.25    0.09    0.13
10 HD97037   -0.14    0.06    0.09
10 HD99126   -0.15    0.11    0.12
10 HD100067   -0.31    0.07    0.18
10 HD101472   -0.15    -0.02    -0.02
10 HD101676   -0.46    0.17    0.09
10 HD101716   -0.18    0.13    -0.03
10 HD102080   -0.36    0.05    0.04
10 HD103891   -0.25    0.06    0.07
10 HD106510   -0.46    0.10    0.09
10 HD107038   -0.39    0.09    0.06
10 HD108134   -0.38    0.03    -0.06
10 HD109154   -0.42    0.07    0.15
10 HD109303   -0.44    0.07    0.23
10 HD112756   -0.35    0.10    0.24
10 HD112887   -0.32    0.11    0.14
10 HD126053   -0.41    0.04    0.32
10 HD130253   -0.23    0.08    -0.06
10 HD133641   -0.42    0.06    0.06
10 HD139457   -0.49    0.08    0.07
10 HD140750   -0.37    -0.05    0.19
10 HD152986   -0.17    0.03    -0.01
10 HD160078   -0.14    0.02    0.05
10 HD198089   -0.30    0.07    0.24
10 HD201444   -0.63    0.12    0.29
10 HD201490   -0.23    0.04    0.04
10 HD201639   -0.54    0.09    0.24
10 HD202884   -0.24    0.04    0.24
10 HD204712   -0.48    0.11    0.18
10 HD206860   -0.12    -0.11    0.12
10 HD209858   -0.27    0.00    0.16
10 HD210457   -0.27    0.03    0.09
10 HD210923   -0.21    0.05    0.02
10 HD212858   -0.39    0.04    0.10
10 HD214111   -0.14    0.01    0.09
10 HD214435   -0.31    0.04    -0.06
10 HD214557   -0.05    0.07    0.25
10 HD215442   -0.22    0.08    0.03
10 HD216106   -0.33    0.12    0.02
10 HD216385   -0.16    0.07    -0.02
10 HD217877   -0.18    0.05    0.01
10 HD218172   -0.21    0.00    0.11
10 HD219306   -0.31    0.10    -0.04
10 HD219476   -0.54    0.12    0.10
10 HD219983   -0.20    0.02    -0.02
10 HD220842   -0.31    0.08    0.17
10 HD222155   -0.29    0.11    0.25
10 HD223436   -0.04    0.05    0.11
10 HD223583   -0.48    0.11    -0.05
10 HD224233   -0.24    0.09    0.21
10 HD225239   -0.53    0.11    0.14

# References
# 1: Fulbright (2000)
# 2: Reddy et al. (2003)
# 3: Cohen et al. (2004)
# 4: Barklem et al. (2005)
# 5: Reddy et al. (2006)
# 6: Cayrel et al. (2004)
# 10: Venn et al. (2004)
